  0.450706989      0.964666784       1.06472039    
 -0.307027996     -0.296386749       1.03789067    
 -0.860072196     -0.390147626       1.16074061    
  -1.24335337      -1.08573556       1.34988832    
 -0.892930746     -0.882204413       1.44391060    
 -0.499372512     -0.336319387       1.13323224    
  -1.59700894      -1.35639250      0.795926988    
  -1.11836255     -0.819709539      0.187522471    
  -1.28120375     -0.690852940     -0.584875047    
 -0.260220438      0.142439559     -0.646735013    
  -3.05134915E-02  0.541563869     -0.468292773    
  0.194234774       1.08867157     -0.422017813    
  0.806611896       1.72175014     -0.147174776    
 -0.533394873      0.226261258      0.174342841    
 -0.153152630     -0.586745441      0.803775907    
 -0.680580914     -0.979508102       1.25971508    
  -1.16468155      -1.17799568       1.45584548    
  -1.55418372      -1.45374179       1.23097527    
 -0.572521925     -0.991035402      0.353054672    
  -1.43014681     -0.892652988     -0.140209258    
  -1.61390209      -1.84952307     -0.707650423    
 -0.879937530      0.418291390     -0.498804986    
 -0.322378516      0.105953500     -0.697256625    
   1.18806589       1.04665291     -0.741676927    
  0.832194805      0.720699430     -0.472076684    
  0.856547177       1.03954077     -0.431805491    
  0.430492133      0.367990553      0.224761188    
 -0.341813266     -0.414947957      0.690484226    
 -0.477025062     -0.573583722      0.828999400    
 -0.676990926     -0.600560844      0.697128534    
  -1.14555383     -0.929064453      0.272273242    
 -0.724449039     -0.743286967     -0.239143491    
  -1.38098729     -0.423880935     -0.500848949    
 -0.187322512       5.77368774E-02 -0.588597775    
   8.13839510E-02  0.140295774     -0.776152790    
  0.629131854       1.24128628     -0.713619769    
   1.24540162       1.42801428     -0.582892299    
   1.98317468       1.57990372     -0.403608769    
  0.263521075      0.792434335       4.80742007E-02
   4.22934862E-03  0.441254973      0.378251404    
 -0.373638242     -0.845564842      0.624012411    
 -0.859700739     -0.603404522      0.615041196    
  -1.45718324      -1.14847040      0.306794971    
 -0.866980195      -1.56730080     -0.531340122    
  -1.21019197      -1.40534389     -0.894752264    
 -0.379253685     -0.544805229      -1.09545624    
  -7.87813738E-02  0.127175108     -0.968007922    
  0.932727635      0.969349504     -0.924795985    
   1.85678482      0.620444119      -1.08815801    
  0.713411629      0.830520570     -0.875488520    
  0.393978149      0.297883153     -0.575643778    
  0.710882545      0.478233665     -0.115708485    
  0.216561750     -0.282848507      0.171306536    
 -0.762571633     -0.475113094      0.340498358    
 -0.179750919     -0.968725502     -0.243686467    
  -1.10650063     -0.358468324     -0.596383572    
 -0.736996591     -0.581587970     -0.804232836    
 -0.115177132      0.184052691     -0.914935648    
  0.945578098       1.53933561     -0.973684728    
  0.737866879       1.30422175      -1.11605835    
   1.77782857       1.39885783      -1.15700650    
  0.660990298      0.687157214      -1.09606814    
  0.496114016      -9.84307155E-02 -0.500701725    
  0.582438231      0.640157461      0.125503823    
 -0.362147212     -0.162766233      0.385390937    
 -0.276484519     -0.233530298      0.582800508    
 -0.732066631     -0.764390767      0.725428462    
 -0.985398352      -1.22062576      0.294328541    
  -1.27549171     -0.849203169       3.72023918E-02
 -0.857836485      -1.17771006      0.151733071    
 -0.378708661      0.584721923      0.417048424    
  0.150310606      0.970938921      0.449774772    
  0.817513227       1.15425575      0.531602025    
  0.933790028       1.17044437      0.383647174    
  0.569368124     -0.234369054      -5.83054796E-02
   4.03709151E-02  -1.45641165E-02  0.178704172    
 -0.418269783       8.45231116E-02  -6.24909177E-02
 -0.150247410      -8.45283419E-02 -0.371377647    
 -0.743231475      0.304888815     -0.677973807    
 -0.421119481     -0.242369741      -1.15457439    
 -0.657500088     -0.308876276      -1.51803815    
  0.146280512      0.706673384      -1.77372444    
  0.722296536       2.30186105      -1.81791723    
   1.12952280       1.81904984      -1.38302577    
  0.896621823       2.08434677      -1.17014790    
   1.04477763      0.590539694     -0.666455686    
  0.226136014      0.461665154      -1.90438312E-02
 -0.503980219     -0.417799622      0.600423694    
  -1.06558704     -0.818647742       1.24722564    
 -0.872220218     -0.570614576       1.45142102    
 -0.769215703      -1.12291837       1.15104854    
  -1.00482905     -0.651110470      0.894473076    
 -0.643725812     -0.824637949      0.768382251    
 -0.494189262     -0.633528769      0.854765952    
 -0.644912481     -0.520463109       1.11688817    
 -0.789372981       6.27379073E-03  0.926218510    
  0.466162026       1.14188802      0.902040899    
 -0.275601715     -0.333314896      0.816068351    
 -0.657362700     -0.520724297       1.31884837    
 -0.683632791     -0.458739549       1.48886049    
 -0.756005466     -0.863195479       1.15956092    
 -0.968959510     -0.345072448       1.02201128    
 -0.866139472      -1.20974886      0.674444199    
  -1.40350902      -1.47681582      0.221204802    
  -1.51828039      -1.47872543     -0.168857217    
 -0.538003325     -0.630288899     -0.336664736    
 -0.126281902     -0.541299284     -0.496330798    
  0.329654306      0.689172864     -0.391279995    
   1.78251743      0.810622215     -0.559729934    
   1.54943454      0.949079216     -0.617222786    
   1.24553049       1.47600949     -0.166325688    
 -0.200234652      0.630925655      0.244562179    
 -0.478671998     -0.589018881      0.717803299    
 -0.405050337       2.90169585E-02   1.01015294    
 -0.538867354     -0.774871647      0.507500887    
 -0.575961113     -0.528651774     -0.383966476    
  -1.15154624     -0.553571761     -0.816825509    
 -0.105447777     -0.704130948     -0.806338012    
  0.109140359      0.334097654     -0.798644006    
  0.359029591       1.52450752     -0.857572794    
   1.17053676       1.01405036      -1.11214066    
  0.712043703      0.770060420     -0.933361888    
  -7.75405169E-02  0.291254431     -0.772640347    
  0.465665907      0.716662705     -0.122744761    
   9.02338177E-02  0.241398290      0.399566740    
 -0.673221767     -0.621995926      0.655648887    
 -0.738268733     -0.729833126      0.318053007    
 -0.901964366      -5.10264523E-02  -1.19979959E-02
 -0.714094698      -1.31519294       6.54679490E-03
 -0.880844653     -0.772477686      0.158209115    
  -2.45211571E-02  0.423329920      0.587574840    
  0.649744987      0.592263758      0.662805617    
 -0.511476576      0.209804982      0.896712065    
   8.83042812E-02  0.123689443      0.951401889    
   8.90366957E-02  0.163692012       1.15598547    
 -0.588471055     -0.952828467       1.30461907    
  -1.21699977      -1.57663608       1.51096165    
 -0.985096276      -1.33578074       1.22017229    
  -1.20642912      -1.68876219      0.710506976    
  -1.57409608      -1.17404199       4.82137799E-02
 -0.507226825     -0.878120840     -0.205139920    
 -0.968180716      -1.29951727      0.210055754    
 -0.197219074       6.82067722E-02  0.285693794    
   1.08482873       1.11346829       8.06877166E-02
  0.605119944      0.959065914      -8.33760351E-02
  0.438935012       1.84162712     -0.168669835    
  0.801552176       8.36153775E-02 -0.119255304    
 -0.358011276     -0.515126348      0.608004928    
 -0.145965710     -0.221645817      0.504661560    
 -0.377026409      0.204396382      0.136541978    
 -0.881491184     -0.692159474     -0.718568146    
 -0.544700503     -0.333539784      -1.11624956    
 -0.574553192     -0.833818257      -1.37803149    
  0.834589839      0.654235959      -1.54903591    
  0.800554633      0.515872955      -1.80290782    
   1.77079415       1.96844304      -1.76556587    
   2.00303745       2.45607781      -1.81453300    
   1.66502583       1.75136876      -1.77357721    
   2.44725490       1.66574299      -1.40595484    
  0.680805802     -0.577825785     -0.478438020    
  -3.01177166E-02 -0.569246709     -0.317368507    
  0.315918326     -0.157694131     -0.338081539    
 -0.718379915      -1.44678593     -0.615972340    
 -0.933826268     -0.382952750     -0.736139715    
  -7.12768808E-02  0.894759178     -0.908522666    
  0.689809024      0.647802532      -1.11337006    
   1.64531541       2.23897076      -1.27629423    
   1.01358902       2.19370270      -1.35386348    
   1.50281501       1.54942334      -1.18541729    
   1.24895477       1.28801739     -0.568913460    
  0.795200884       1.12052441     -0.109035492    
 -0.287584513      -4.69529703E-02  0.920465231    
 -0.988943994      -1.20300484       1.29106474    
 -0.967689455      -1.77598321       1.44368112    
 -0.551975131     -0.948053300       1.56328249    
  -1.45316219     -0.875510454       1.57707775    
  -1.01231205     -0.794488311       1.45805955    
 -0.848252475     -0.945074379       1.61281753    
 -0.686836898      -9.90038067E-02   1.74381649    
  -9.55438465E-02 -0.147219002       1.58434355    
  0.300619811      0.292779565       1.19403863    
  -4.05757092E-02  0.174236506       1.19834268    
  0.761960030     -0.272383273      0.834314823    
 -0.621395290     -0.769285023      0.559364736    
 -0.539371192     -0.661447227       1.72847621E-02
  0.205251426     -0.154325515     -0.334452510    
 -0.482438892     -0.383775294      -1.26172078    
   8.05261806E-02 -0.315393299      -1.98704791    
  0.425211787      0.313696593      -1.98219323    
  0.770035386       3.13064866E-02  -2.17366219    
   1.97831869       2.19985461      -2.34924579    
   2.38319635       2.16243839      -2.26336122    
   2.70363164       2.98943901      -2.40695667    
   2.50616574       1.18211186      -1.96803081    
   1.86443520       1.79671478      -1.08196688    
   1.03932774      0.359991163     -0.305947959    
  0.210312694     -0.244545653      0.128828838    
   8.78856108E-02   7.71833509E-02   2.95045543E-02
  0.290029734      0.139306977     -0.448524296    
 -0.539529562       8.00561085E-02 -0.685889602    
 -0.850968182     -0.919787228     -0.957359791    
  0.996492445      0.633930922      -1.23742080    
   1.03121650       1.31163764      -1.49396563    
  0.741658211       2.53321981      -1.21659303    
   1.85100031       1.89933550      -1.10814261    
   1.83870113      0.515451252     -0.925618172    
   1.45315444     -0.109981589     -0.480399758    
  0.372873783     -0.603109956      -2.77282782E-02
 -0.125410676     -0.565009177     -0.285133570    
  0.449666947      -8.73293504E-02 -0.509925365    
 -0.980796218     -0.572281599     -0.786961496    
 -0.443871319     -0.374933720      -1.30813527    
 -0.252773315      -1.49497223      -1.85195720    
  0.454751015      0.843645453      -2.13426852    
   1.46209216       1.29983568      -2.02575517    
   2.02674103       2.19174838      -2.25015497    
   3.36456680       2.33698797      -2.28466702    
   2.66363811       2.07881951      -1.64649987    
   2.15529728       1.94237661     -0.742862403    
  0.470161080     -0.235572800     -0.111878686    
  0.222199395     -0.461577266      0.320880920    
 -0.921419680     -0.630964220      0.726895034    
  -1.27499640      -1.32444012      0.543611526    
  -1.02400601      -1.60344148      0.220608249    
  -1.50885570      -1.32729042      0.133824974    
 -0.786392689     -0.483773082      0.252114713    
 -0.270224750       4.25858274E-02  0.111654975    
  0.966125071      0.937775075       7.91772176E-03
   1.06528318      0.363732487       7.85806626E-02
   1.82851231       9.32079107E-02   2.24147420E-02
  0.901190400      0.394897431      0.249759078    
  0.261437267     -0.302298188      0.412578106    
 -0.567546844     -0.777952790      0.693447828    
 -0.756813049      -1.42996025      0.813366652    
  -1.16402411      -1.21053100      0.242753401    
  -1.45479214      -1.59376061     -0.223281279    
  -1.10621142      -1.38297307     -0.303628653    
 -0.398113787      -1.16522765     -0.138698742    
  -3.16296406E-02 -0.529491186      0.207908541    
  0.217032835       1.22893512      0.330026150    
   1.42398560      0.778820336      0.198367506    
  0.691234052       1.22670388      0.372807860    
  0.631869853      0.235906348      0.315596044    
  0.344502538      0.232832953      0.332479298    
   4.34497669E-02 -0.348657221      0.112943687    
  0.160024971      0.332238138     -0.606144488    
 -0.813162923       2.67371777E-02 -0.753883362    
 -0.146724209     -0.849480510     -0.747313619    
 -0.557273984     -0.930777550     -0.926797867    
  0.169391140     -0.930234432      -1.05633032    
   1.05978477       1.17178166     -0.907488286    
   1.56094825       2.12935686     -0.640947282    
   1.20014679       2.12977004     -0.498969406    
   1.39462364      0.264702737     -0.133865133    
   1.60442257      0.640080690      0.284665138    
 -0.137901247     -0.884855390      0.673453748    
   6.63839281E-02 -0.547285020      0.894270420    
 -0.354667485     -0.570195675      0.752351820    
  -1.07389629     -0.765865505      0.147278026    
  -1.27713633     -0.984885871     -0.297517806    
 -0.795072377     -0.556437016      0.136381373    
  0.606081069      0.462258577      0.116159722    
  0.195216477       8.18673819E-02   7.79114515E-02
  0.466104299      0.610940814      0.168132558    
  0.957574069      0.870909452      0.103242040    
  0.267905653      0.400038183      0.153402269    
   1.22040963       1.82022750      0.489254385    
 -0.275462449      0.603196681       1.11347520    
 -0.792021453     -0.413564414       1.19372702    
 -0.938663125      -1.19055593       1.02370155    
 -0.809296429      -1.56471789      0.234051749    
 -0.813107669     -0.967416406     -0.350635946    
  -1.05169892     -0.274005502     -0.577628493    
  -5.03389388E-02  0.329138726     -0.422994852    
  0.651044667       1.21624994     -0.473472476    
  0.857169569       1.43733931     -0.547263503    
   1.35066235       1.07842278     -0.881406248    
   1.81033731       1.83327389     -0.881824970    
  0.146405160      0.311030418     -0.126930192    
  0.266109616      -7.24407285E-02  0.276699603    
  0.551381171     -0.775514245      0.397675723    
  0.718763471      0.760978937      0.302104771    
 -0.249546215     -0.989784181     -0.178172633    
  -1.21781576     -0.314590901     -0.755137622    
 -0.137906969      -1.92302847     -0.836462080    
 -0.736867666       2.32340153E-02 -0.746843219    
  0.592573524       1.10741878     -0.911297023    
   2.20570588       2.19892240     -0.962883651    
   1.97726178       1.62477064     -0.687212706    
   1.17233706       1.55703592     -0.341762215    
  0.954790056      0.632337332       4.63648476E-02
 -0.181876689     -0.141459107       1.12653637    
 -0.521161616     -0.892552972       1.39100659    
 -0.981862247      -1.25430512       1.48223722    
 -0.950866818      -1.49200666       1.18377876    
  -1.22791195      -1.58202481       1.03963637    
 -0.887160242      -1.12896061       1.10408902    
  -1.11129487     -0.741423488       1.80983126    
 -0.619297326      0.259595990       2.13811755    
 -0.910462856      0.804429889       2.24892926    
 -0.850545228     -0.273214340       2.26893473    
  -1.14845967     -0.115867272       2.10697055    
  -1.31962192      0.181827053       2.00980496    
  -1.16784143      0.215296969       2.04345465    
  -1.32338893     -0.410814613       2.03604364    
 -0.760237575      -1.08728647       1.44057214    
 -0.644729912     -0.356195509      0.238307923    
 -0.843611956      -1.13459229     -0.554640114    
 -0.815930128     -0.260817587     -0.766510367    
  -5.67565598E-02  0.233900979      -1.04373777    
   1.31528842       2.22644377      -1.17629313    
  0.721789777       1.19907308      -1.42919171    
  0.584276319      0.526914120      -1.14349794    
   1.52520597      0.210186079     -0.745378613    
  0.195045903      0.517751396     -0.238340437    
  -1.02231169      -1.11490989      0.358790755    
 -0.292539060       9.41526443E-02  0.494627178    
 -0.404001892     -0.629374623     -0.290852457    
 -0.789205134     -0.373372525     -0.369957030    
 -0.338268161     -0.367791623     -0.676685095    
  -1.01128447      -1.12087488     -0.680084646    
  0.595382094      -5.97219653E-02  -1.15144241    
  0.433107555      0.713291287      -1.54321194    
   1.07241535       2.08926964      -1.79413736    
  0.993786812       1.76102793      -1.61724579    
   2.24560356       2.35439920      -1.46220291    
   1.75156987       1.94885802     -0.830024242    
  0.843089998       1.20259106     -0.123658709    
  0.258487076       4.07700352E-02  0.253684491    
  0.108507566      -8.21409151E-02  0.153203413    
  -1.05715859      -1.07948923     -0.256774336    
 -0.655342698      -1.08114660     -0.479852915    
 -0.781556427     -0.467969954     -0.964573860    
 -0.714064658     -0.306798249     -0.888278127    
  0.661131084       1.26455951     -0.765116513    
   1.31220388       1.59573388     -0.965675235    
   1.82761621       1.42977512      -1.18648994    
  0.685108244       1.14151609      -1.06684077    
  0.728412807      0.777968228     -0.543035984    
   1.23678660       1.16892219      0.295374423    
  -9.27636847E-02  -6.88294172E-02  0.631813526    
 -0.685961604      -1.12450778      0.698914349    
 -0.762783349     -0.968042254      0.414276004    
 -0.172370300     -0.279888123       7.69018978E-02
 -0.566955209     -0.902667999       8.27144757E-02
 -0.819260299     -0.196737126      0.418230057    
  0.305834770      0.145924196      0.777028501    
  0.475313127      0.185237557      0.927623868    
  0.609900177      0.548338592       1.01148939    
  0.696300507       1.05453277       1.06107414    
 -0.283257484      -2.53174286E-02   1.38615191    
 -0.857571423     -0.873248339       1.66955316    
  -1.13980889     -0.482464701       1.85355365    
  -1.25879180      -1.02851319       2.07333016    
  -1.47591126     -0.906468153       1.80217743    
  -1.69809175     -0.712620974       1.75731540    
  -1.72559035      -1.87589777       1.28775311    
  -1.17590272     -0.884053111       1.07926130    
 -0.605639398      0.144413874      0.967313826    
  0.669749856      0.810780525      0.559628606    
   1.16436732      0.548488200      0.290334314    
   1.56971622       1.61280811      0.242246717    
  0.370098054      0.751016140      0.156017929    
  -6.54893368E-02   3.95799875E-02  0.354643553    
  0.145637795      0.657921016     -0.461728781    
 -0.129674435      -4.75962879E-03 -0.715992630    
 -0.659848928     -0.952280343      -1.27693856    
  -1.82462645      -1.49712062      -1.59497440    
  0.241549745     -0.524867892      -1.74795985    
   1.40449035       1.47839653      -2.52165937    
   2.24751329       1.71065712      -2.83711028    
   2.48933530       2.80521703      -2.52271295    
   2.59035182       2.50538874      -2.25008416    
   2.55909753       2.40659714      -1.61248291    
   1.33671761      0.977759838      -1.10250020    
   1.06905222      0.779095411     -0.365180761    
  0.467828095      0.235757217      0.131253302    
  0.117908068      -5.95492162E-02  0.132809699    
 -0.812960923     -0.456954598     -0.234849066    
 -0.718812346      -1.10993564     -0.815762401    
  -1.31374991      -1.15617001     -0.760986507    
  0.347501248      -7.87995383E-02 -0.654077232    
   1.40341032       1.52413321     -0.803143024    
   1.15256345       2.24228096     -0.520527542    
   2.00991154       1.61329830     -0.390411913    
  0.291943222       1.26353550     -0.182059795    
   1.00580740      0.663677692      0.289116323    
 -0.138070986     -0.452687174      0.985757291    
 -0.484712571     -0.311253726       1.00715292    
  -7.20954612E-02 -0.191063255      0.779804766    
 -0.615227699     -0.892843544      0.504114687    
  -1.15171564     -0.812035263       4.37797792E-02
 -0.836107194      -1.78296340     -0.233101472    
 -0.352310449     -0.630646586     -0.100486800    
  0.563742042      0.520609617     -0.234078512    
  0.381649047      0.947457671      -6.60319999E-02
  0.390640795       1.35590155E-02   2.71508441E-04
  0.594973326      0.868080914       8.20758566E-02
  0.240245327     -0.360896379      0.278049499    
  -5.74015677E-02 -0.602737010       1.01952946    
 -0.625655711      -1.20087206       1.33299935    
  -1.33266199     -0.931194782       1.52182007    
 -0.738470197      -1.01425862       1.07638371    
 -0.433689028     -0.812749445      0.634712160    
 -0.792771518      -1.00031233      0.340616912    
  -1.04463279      -1.28102612      0.664189935    
  0.499157339      0.465128273       1.02555621    
  0.226370901       1.70206106       1.29395568    
  0.603748918       1.25119030       1.33068776    
 -0.509560168     -0.329521567       1.55345082    
 -0.718190789       2.95342728E-02   1.66134489    
 -0.823589146     -0.432179093       1.93791056    
  -1.12196970     -0.572022855       1.83610833    
 -0.948451698     -0.933190048       1.11193025    
  -1.18762827      -1.32862401      0.673098087    
 -0.653835893     -0.874821126     -0.214097783    
 -0.923663497     -0.333478749     -0.333580613    
  0.832770228      0.471363455     -0.553716600    
  0.410328746       6.57396913E-02 -0.325655252    
   1.04071248       1.52733743     -0.233623445    
   8.33628252E-02  0.562225282     -0.150631741    
 -0.300470918      0.742252767      -1.56423282E-02
  0.610629261      0.677352905      0.527594447    
 -0.435824931      -1.20214457E-02   1.42222047    
  -1.15207553      -1.34352958       1.79364216    
 -0.874139667     -0.490316808       1.41816318    
 -0.792334020      -1.36120331      0.684746206    
  -1.28404140      -1.89177215      0.105136864    
  -1.34587693      -1.35286391      0.267548621    
 -0.371183991      -1.43806875      0.154996902    
 -0.196466476      0.165242001       4.42424901E-02
  0.474067599      0.768539727     -0.155562863    
  0.927588344      0.947048128     -0.393566787    
   1.71577847      0.978753805     -0.236864343    
  0.456028640      0.286281615      0.313454568    
 -0.186516806     -0.270450890      0.724765003    
  -1.11849058     -0.911146820      0.914926052    
 -0.925691307      -1.32377601      0.966476381    
  -1.05433261      -1.39177907      0.308760554    
  -1.25124586      -1.46185172      0.305972815    
  -1.00913763      -2.02806520      0.123924479    
  -1.36871314      -1.33843005      0.592771769    
 -0.700654387     -0.141698450      0.991783977    
  0.217938170      0.714245677      0.894593537    
  0.292467654      0.603091717      0.499598473    
  0.110272914      -8.55247602E-02  0.522789478    
  0.553612649      0.416968614      0.400174767    
 -0.189738542     -0.522383332      0.862100482    
 -0.505194008     -0.538533032      0.758969367    
 -0.896191239      -1.63270581      0.611295521    
 -0.871858001      -1.49068093      0.135083094    
 -0.983821034      -2.03261709     -0.631356537    
 -0.134681165     -0.714655340      -1.11059761    
  0.351641476      0.305979788      -1.38858593    
  0.878693581       1.98163486      -1.43165445    
  0.643942118       1.58545315      -1.48406708    
   1.50477707      0.285467446      -1.23675919    
   1.02152455       9.08044800E-02  -1.06867445    
   1.12210095      0.473729849     -0.466069102    
  0.431278944      0.111135922      0.353699028    
 -0.206322074      0.171883583      0.392750353    
 -0.789953351     -0.898206949      0.317240417    
 -0.345744461     -0.307601452       4.14528372E-03
  -1.05675876     -0.461384237     -0.470713407    
 -0.841173947     -0.573520958     -0.687296867    
  -9.43742841E-02   3.82525139E-02 -0.747137666    
  0.627167284      0.347401053     -0.763718843    
   1.11566114       1.41498756     -0.921356261    
   1.25434327       1.80675912      -1.03682959    
   2.47340202       2.22324014     -0.641455889    
  0.739414454       1.19799721      -8.67106207E-03
  0.242993802      -9.66977701E-02  0.937348485    
 -0.883972466      -1.00725806       1.50187957    
 -0.836977601     -0.306221753       1.90194535    
  -1.59334230      -1.18623912       2.05248141    
  -1.51492155      -1.56670249       1.96497726    
  -1.85000384     -0.982302785       2.08557868    
  -1.01135361      -3.61174121E-02   2.35438156    
  -1.64209116      0.126051292       2.52728462    
  -1.04203546      -7.80758960E-03   2.41511917    
  -1.22797251     -0.223949581       2.26336122    
  -1.50603259      -5.33478567E-03   1.91392040    
  -1.59063327     -0.108081810       1.75745881    
  -1.71235633      -5.88985719E-02   1.66866028    
  -1.46628010     -0.753207803       1.46423161    
 -0.281720400     -0.452840924     -0.166124925    
 -0.218037680      0.359958708     -0.987782121    
  -1.05295312     -0.780401647      -1.50483930    
  -1.18952870      -1.41022348      -1.23953736    
 -0.139721423      0.379573733      -1.64606392    
  0.843975484      0.985815763      -1.81574714    
   1.27064741       1.13127244      -2.34655571    
   2.30075240      0.508081377      -1.94927573    
   1.24426937      0.673250675      -1.54524827    
   2.95962337E-02   5.28201163E-02 -0.615624368    
 -0.295292258      -1.04734302       1.70036945E-02
  -4.65390086E-02 -0.668505907      0.101075709    
 -0.843310118     -0.888353586     -0.239424556    
 -0.225046068      -1.15621197     -0.562271059    
 -0.618668437      -1.18595552      -1.31512570    
 -0.824006438     -0.709715307      -1.40448642    
  0.202905580     -0.662197828      -1.38618827    
   1.55390787       1.98835599      -1.80328071    
   2.00416923       2.14458585      -2.00902486    
   1.30467057       1.22474682      -2.22935009    
   1.73970997      0.438744515      -1.68428731    
   1.17650640     -0.492922962     -0.783621132    
 -0.341777891     -0.764680624      0.193250909    
 -0.172876030      -5.62453382E-02  0.356964767    
  0.126388133     -0.642489135      0.195721254    
  -1.00838745     -0.583284378     -0.140107915    
 -0.583694696     -0.608474731     -0.412167013    
 -0.981132150     -0.515232742     -0.462736428    
 -0.196329251     -0.209302932     -0.751300156    
  0.886062682       1.26077473      -1.04529989    
   1.22663105       2.48015165      -1.22110343    
   1.86198211      0.872489691      -1.07892096    
   2.35539627      0.469213188     -0.805951774    
   1.05126417      0.114636704     -0.113100477    
   5.39475381E-02 -0.237353623      0.638784766    
 -0.111790501      0.374806643      0.720413208    
 -0.634467006     -0.958360016      0.783745468    
  -1.02549565      -1.01371586      0.512850761    
 -0.369132996      -1.47956574      -8.58329982E-02
  -1.43082666      -1.27637553     -0.455790013    
 -0.157888815      -9.83821154E-02 -0.426652580    
   1.02245378       1.27771890     -0.376522928    
   1.60020936       2.60204172     -0.722036541    
   1.74220037       1.76667762     -0.451088339    
   2.17556572       1.86867487       8.51026028E-02
  0.457320184      0.527207494      0.461382717    
  -2.18416210E-02   6.19147681E-02   1.07429004    
  -1.13698328     -0.468539476       1.17322242    
 -0.547072768     -0.764971495       1.55637813    
  -1.19357717     -0.423961192       1.22450113    
 -0.686311662     -0.665257871      0.915505409    
 -0.786878049     -0.375317842      0.934824586    
 -0.713762224     -0.263553202       1.13097990    
  -5.10472730E-02   3.08094490E-02   1.37537384    
  -3.04600224E-02  0.203660637       1.24236715    
  0.972530186      0.919579864      0.930386782    
  0.363649994      0.375856668      0.596230626    
  0.271958888      0.360560328      0.839020371    
 -0.584472954     -0.875759423      0.893526614    
 -0.429334372      0.143888056      0.607333779    
  -1.17679524     -0.698521674      0.632027686    
  -1.14717829     -0.566807210      0.593418002    
  -1.54622412      -1.41807699      -5.35177551E-02
  -1.33778393     -0.905502796      -3.97759862E-02
 -0.128022462     -0.267984569      0.121605188    
  0.136055395      0.158220544      0.126067877    
   1.35547304       1.23105609      -6.28981814E-02
  0.390648007      0.783442676     -0.212451532    
   1.10532260      0.226537630      -7.49554485E-02
   1.06252038      0.569240868      0.189879999    
 -0.121022627     -0.158892184      0.753927290    
 -0.146093652     -0.421362817       1.10511005    
 -0.759669900     -0.861134231      0.882633805    
  -1.62399840     -0.356811374      0.930969954    
  -1.45199990      -1.60615790      0.665832400    
  -1.81596291      -1.69577026      0.543913603    
 -0.542807460     -0.569777727      0.448463112    
 -0.397807360      -1.88060049E-02  0.432059795    
  0.418410778      0.849028468      0.453411460    
  0.897847116      0.796729445      0.226520255    
  0.418809503       1.50537682       9.27277803E-02
 -0.742524087     -0.804072022      0.596416116    
  -5.78626171E-02 -0.570747197      0.988428414    
 -0.406228513     -0.587416768       1.15269101    
  -1.26613915      -1.01792574       1.03927124    
 -0.876650333      -1.24925482      0.543491066    
 -0.980746567      -1.51885188       3.18487063E-02
 -0.348904848     -0.601657689     -0.353431344    
 -0.396289945       5.28600663E-02 -0.261120379    
  0.287625223      0.190758035     -0.658188105    
  0.576127350      0.436735243      -1.05707610    
   1.90182781      0.335188478      -1.15281916    
   1.67287099       1.42318118     -0.800125837    
   1.74375796      0.558148026     -0.252487540    
  0.371091336     -0.409366906      0.644482672    
 -0.843254447     -0.122446001       1.03074741    
 -0.798649549      -1.18482387       1.04356563    
  -1.11528540      -1.15703940      0.579465926    
  -1.06182182      -1.07595158      0.240089938    
  -1.57609725      -1.53569889      0.394081116    
  -1.07929015     -0.393675745      0.541957617    
 -0.668467104     -0.495710582      0.812081754    
 -0.320263773     -0.333332539      0.873205543    
  0.738272846      0.935151279      0.328609347    
  0.611946523      0.328952909     -0.153635532    
  0.991980851      0.114829727      0.256290585    
  0.145231634      -1.33259362E-03  0.712545216    
 -0.233534157     -0.161169127      0.562404871    
  -5.42539582E-02  0.163992047      0.621268690    
 -0.541648924     -0.800589383      -2.41623390E-02
 -0.191203251     -0.173339695     -0.721885502    
  0.416876435     -0.604817510      -1.38575995    
  0.268772036      0.316974580      -1.80595374    
   1.26262891       1.38574505      -1.92260289    
   1.00946653      0.561878860      -2.00325036    
   2.01303363       1.23994672      -2.20499086    
   2.71978664       1.04342937      -2.09380627    
   1.58760834      0.382880509     -0.991298318    
  0.579348981     -0.435544163     -0.208059594    
  0.133789703     -0.806667924      0.176671684    
 -0.451690465      -1.15725410      0.234543145    
  -1.25726664     -0.939960837      0.219485894    
  -1.27602255     -0.904102921      -3.05160191E-02
 -0.543317795     -0.590356767     -0.441755712    
 -0.194653437      -1.09366918     -0.572802484    
   1.32420361       1.20672917     -0.705552936    
   2.05949259       1.09104240      -1.20927179    
   1.12353110      0.870656013      -1.35504889    
   2.35137081     -0.278573662     -0.874348938    
   1.28405511      -3.34082581E-02 -0.211136058    
   2.63934452E-02 -0.850054860      0.544517815    
 -0.528681457     -0.841807008       1.10967600    
 -0.739521325     -0.723465681       1.26984692    
 -0.271279424     -0.704493523       1.08989799    
  -1.21743810     -0.938471913      0.536829531    
 -0.712859213     -0.702982008      0.554655433    
 -0.845638275     -0.326351315      0.688371420    
 -0.664311945      -1.48817575       1.24640155    
  0.228727251     -0.135202259       1.29881418    
