 -0.129678324      -1.07574046      -3.08342195    
 -0.415654272      -1.84770453      -3.55900788    
  -9.24143493E-02  -2.17937636      -3.36714792    
 -0.383786410      -2.15554237      -2.92792654    
 -0.935757697      -2.38145328      -2.76321983    
 -0.425841391      -1.25762796      -2.54511905    
 -0.348955661      -4.64442000E-02  -2.25737047    
 -0.186920732      0.168140873      -1.76993668    
   3.88740227E-02  0.104701243      -1.37213099    
  0.144728273       1.30874550      -1.08696294    
  0.350816786      0.531506956      -1.27874649    
   1.58644271      0.122063994      -1.26458347    
  0.323631197     -0.706799746      -1.35385287    
   1.47808981     -0.803700864      -1.48262298    
   1.99769533     -0.685736060      -1.34842372    
  0.351033330     -0.821398556      -1.26889980    
 -0.896583080     -0.962931991      -1.25804138    
 -0.562619984      0.382571608      -1.20288241    
  -1.00553501     -0.162526146      -1.08784771    
  -1.16968203     -0.646368146      -1.07368195    
 -0.384029835      -6.06955476E-02  -1.15321374    
  0.923861563       1.41614294     -0.981375694    
  0.650742710       1.07443011      -1.30695748    
   2.30416989      0.816986084      -1.08524489    
  0.771253169      -5.29895723E-02  -1.39564562    
 -0.386630476     -0.850939929      -1.82790875    
   1.24445438      -1.09537816      -1.62739480    
  0.112883024     -0.833739221      -1.71886683    
 -0.301604718     -0.469954878      -1.65645504    
 -0.826608539      0.801299453      -1.34975302    
 -0.721699953      0.375521570      -1.11410272    
 -0.599960625      0.255808115      -1.19838142    
 -0.266340822       1.56008255      -1.17424548    
  0.257682472       2.28397655      -1.17722988    
   1.82038569       2.17039013      -1.04848468    
   1.05354655       1.40234387      -1.34551382    
   2.15548730      0.949463129      -1.26407754    
   2.02112365      0.647750974      -1.18832171    
 -0.460356921       7.00143278E-02  -1.68131948    
   1.08724833     -0.176186383      -1.47333348    
 -0.841731787     -0.456712872      -1.44838202    
 -0.468586415      0.233730406      -1.46364915    
 -0.835857034       8.20571333E-02  -1.50025940    
 -0.520123303      0.199362963      -1.43839061    
   3.96013036E-02   1.16266537      -1.43826818    
   6.85722530E-02   1.76284850      -1.33792996    
 -0.639312983       1.02546406      -1.73484302    
  0.585075915     -0.386891484      -2.07379174    
   2.18483520     -0.565482438      -2.22210622    
 -0.586543024     -0.597457647      -2.14877129    
 -0.275838882      -1.63877583      -2.34809971    
  0.326941997     -0.977191031      -2.36878800    
 -0.887813866      -1.24589074      -2.22729158    
 -0.374850690      0.319951504      -1.99087358    
  -1.21047461      0.438096911      -2.01757240    
 -0.472026139      0.499843508      -1.88950419    
 -0.181342870       1.00419044      -1.88764596    
 -0.159203067       1.22798789      -1.94104886    
 -0.954204261      0.702467561      -2.19047976    
 -0.192294568     -0.269304752      -2.49070001    
 -0.711651802      -1.40752184      -2.86400700    
   1.07341659      -1.62522984      -2.61058807    
   1.87483072      -1.19523633      -1.94777894    
  0.201242179      -1.22671616      -2.09425306    
 -0.334188253     -0.610478938      -1.85454726    
 -0.722886026      0.162978351      -1.62214220    
  -1.19584298      0.745721638      -1.34043252    
 -0.691534698       1.09961152      -1.18149304    
 -0.590151310      0.847218871      -1.13128400    
  0.612893820       1.53653395     -0.964735806    
  0.653544009      0.915992379      -1.22162104    
  0.836115122      0.243252903      -1.52097249    
   9.98551697E-02 -0.891537905      -1.81262398    
  0.800673127      -1.50414431      -2.00659680    
  0.838508964      -2.24814510      -2.17074370    
  -7.50554800E-02  -1.61645508      -1.98766387    
  0.515466332     -0.178538457      -1.38274527    
 -0.665688217     -0.524179101      -1.16002285    
  -1.16466558      0.155985415     -0.991571248    
 -0.836036921       4.06766795E-02  -1.04761767    
 -0.148027778      0.418289483     -0.966933966    
 -0.251659870      0.915293217     -0.920669496    
  -2.11822148E-02  0.458086461     -0.958844244    
 -0.294119596      -7.16888681E-02  -1.08839703    
  0.891065419     -0.891715348      -1.14145017    
  -2.06354213      -1.88691270      -1.80716729    
  0.608381629      -2.16314483      -1.66286480    
  0.102416694      -1.59502411      -1.37770307    
 -0.240987971      -1.02558446      -1.15529835    
   7.78528154E-02   5.99747989E-03  -1.13965857    
  -1.07319629      -7.66800791E-02  -1.17053080    
 -0.610123932      0.542046547      -1.04741621    
 -0.268244117      0.425762415      -1.02558756    
  0.225722671      0.880239010      -1.07718456    
  0.347487658      0.497840226      -1.15305221    
   1.66373861     -0.246094227      -1.12078059    
  0.830423594      -1.24973226      -1.09524071    
   1.69644165      -1.94142175      -1.07776225    
 -0.640503645      -2.20982981      -1.53735781    
  0.848058283      -1.85046792      -1.10604143    
  0.125949055     -0.687291741     -0.712513983    
 -0.417466819      -3.56530584E-02 -0.610543847    
  -1.96721208     -0.793124259     -0.574697614    
 -0.561036825      -1.46956158     -0.341394573    
 -0.419546634     -0.291999787     -0.111539125    
 -0.191020831      0.761976242      0.152507499    
  -1.39100504     -0.179938287     -0.552826405    
 -0.228556663      -1.10817719     -0.914257884    
  0.207129478      -1.73269606      -1.18238044    
   2.04329157      -1.69822514      -1.09973550    
   1.17042649     -0.704782605     -0.546543479    
  -1.33801985     -0.740986645     -0.618669868    
 -0.427283436     -0.691133142     -0.786853552    
 -0.742796957     -0.102654755     -0.726733923    
 -0.880282044      0.387357563     -0.648171961    
 -0.735250413      0.471848577     -0.637808740    
 -0.498854309      0.696388304     -0.679753304    
  0.679097891       1.62549448     -0.409063488    
 -0.381244719      0.925656855     -0.587882817    
  -1.20258343     -0.611574709      -1.14235711    
  0.456860423      -1.00038147      -1.22378540    
 -0.170690522      -1.31735587      -1.45874345    
   4.02305387E-02  -1.18347442      -1.41137600    
 -0.215339422     -0.501488686      -1.05077779    
 -0.387548953     -0.510271966     -0.800904036    
 -0.190108746      0.507763982     -0.586524189    
  -1.33702028      0.495159417     -0.529087186    
 -0.650464475      0.600928664     -0.305114388    
   8.03914294E-02   1.78573811      -3.80399115E-02
  0.301919013       1.37606823      -6.00247178E-03
   1.18779171      0.707268953      -3.67797799E-02
  0.788448334      0.167910919      -5.86465634E-02
 -0.180845588     -0.833074033     -0.605454504    
  -1.49155223      -1.60799825      -1.01011908    
 -0.458555967      -2.17977834     -0.957066774    
  0.636714220      -1.56627595     -0.929524064    
 -0.291889787      -1.69460523     -0.948181093    
 -0.580973983     -0.775175035     -0.775649965    
 -0.348808736      0.385366648     -0.531484962    
 -0.740689933       1.06322849     -0.208831698    
 -0.377546608      0.759412766     -0.312193304    
  0.443164825      0.968224168     -0.350936949    
  -1.01041245      0.374502957     -0.909619391    
 -0.595859647      -1.06331182      -1.42115355    
   1.27030456      -2.07822180      -1.78805232    
  0.344856769      -1.98482633      -1.73928893    
  -1.75371456      -2.28937125      -1.95685637    
   7.16426596E-02  -1.73648655      -1.77831030    
 -0.238942042     -0.926487148      -1.58281374    
 -0.632633030     -0.102719575      -1.42735302    
  -1.04754722      0.281736493      -1.15447032    
  -1.24614215     -0.231207013     -0.980036616    
  0.192427740       1.19986796     -0.518528700    
 -0.981581688      0.998685360     -0.827543318    
   3.62682082E-02  0.429211825      -1.25991297    
 -0.444728136     -0.517193913      -1.52351582    
   1.98124182      -1.22812676      -1.18401599    
  0.229591236      -1.39984357      -1.34427679    
 -0.209855333      -1.43817055      -1.02919674    
  -1.06216991      -1.24516237      -1.07528460    
 -0.753327429     -0.954448164     -0.756665528    
  -1.12345290     -0.312838167     -0.686534941    
  -1.21876645     -0.295146704     -0.627000928    
  -1.03217983     -0.641838372     -0.612458885    
 -0.520035028      0.206877559     -0.468092501    
  0.236590669      0.398287594     -0.445012629    
  -1.42166936      -2.70365030E-02 -0.710462272    
  0.444256842     -0.435234010     -0.830383897    
   2.10650659     -0.512256682     -0.634592772    
   1.71241677     -0.659659505     -0.213921025    
   4.90248203E-02 -0.816121817     -0.188067093    
 -0.172120035     -0.430620909      0.148593128    
  0.262766719      0.199347526      0.298087865    
  -1.18959665      0.857795477      0.398539633    
  -1.27741230      0.798546076      0.366405457    
  -1.08897781      0.903756618      0.397242218    
  -1.03497279      0.781075299      0.447632283    
 -0.999394417      0.440265328       5.71406186E-02
  0.365584791      0.366641104     -0.184352368    
   2.61477470      0.786967814      0.185320541    
   1.59299588      0.139491573     -0.139857411    
   7.33211190E-02 -0.271392912     -0.567982554    
  0.452212036     -0.219725996     -0.698242605    
  -1.58561730     -0.623231709      -1.02537644    
 -0.859252810      -1.07882869     -0.968891561    
 -0.883361578     -0.381867856     -0.508035064    
  -1.24874961       2.68667340E-02 -0.242618233    
 -0.472962350      0.209260494     -0.127527669    
  -1.72299650E-02  0.961905658      0.116569884    
 -0.234277174      0.658673286       2.56666895E-02
 -0.711804509      0.372587651     -0.587578416    
 -0.572014451     -0.771253407      -1.12995470    
   3.25982499     -0.161472037     -0.318491280    
   1.61462367      -2.40763475E-04  -9.32024792E-02
   1.42255759      -1.01506496E-02 -0.215144768    
  -7.46370107E-02  -3.81733589E-02 -0.223555684    
 -0.155368716      0.942971766       4.04101945E-02
 -0.745414078       1.07577288       1.19277379E-02
 -0.922191024      0.565971673      0.116762452    
 -0.221136302      0.424663544      0.307141244    
  0.150901169       1.57794678      0.573130429    
  -1.34849429      0.833631158      0.296479851    
  0.614589036       1.09631956      0.222188175    
  0.544897318      0.579380333      -9.58176926E-02
   1.82185984      -4.93657738E-02 -0.423431605    
   1.69107234     -0.146220595     -0.296954632    
  0.175860003     -0.174664646     -0.446650803    
 -0.942877173     -0.779950202     -0.660670340    
 -0.936583042     -0.518400788     -0.295903921    
  -1.00240314     -0.126062825       8.78265277E-02
  -1.23181295      0.190195426      0.453786492    
 -0.852320313      0.220031574      0.743209660    
 -0.139952838      0.321832865      0.673162460    
  0.281763732       1.07079709      0.772385180    
  -9.55317914E-02  0.640923202      0.452740252    
  -1.73436904     -0.622009337     -0.249846235    
  -7.37820519E-03  -1.22523141     -0.234809875    
   1.48104048      -1.17309999     -0.110294975    
   1.37519538     -0.619472086       3.64736244E-02
 -0.947695673     -0.792474508     -0.151068121    
  -4.63933460E-02  0.146486059      0.228834912    
   6.56282976E-02   1.78359592      0.413458824    
  -1.13789761       2.73251891      0.459101230    
  -1.38872302       1.10220444      0.116286799    
  -1.33800137     -0.232170075      -6.29798099E-02
   1.35373402       1.50550330      0.498444736    
   1.08882844       2.07315111      0.683763504    
  0.902311265       1.36569536      0.327405363    
  0.447076470      0.205743194      -4.27973382E-02
   2.21682215       3.02142724E-02  0.395851642    
  0.953122675     -0.200576037      0.500617146    
 -0.436398149     -0.773040593      0.289248317    
 -0.622098923       8.05322919E-03  0.383907050    
  -1.50881755     -0.292252898      0.298231602    
  -1.01705813       3.78291905E-02  0.491409332    
 -0.654831171     -0.282841533      0.322964758    
 -0.247137949      0.991159976      0.279750317    
  0.698995650       1.12679935      0.396033555    
 -0.251963168      0.673977196      0.338900924    
  0.747230291     -0.316951215      0.183863416    
   1.24444366     -0.604649663     -0.197538465    
  0.464505881     -0.988434374     -0.181209147    
   2.03553605      -1.09820402      0.103674859    
 -0.317869455     -0.709181190      0.126946419    
 -0.336424470     -0.912288308      -5.06447442E-03
  -1.06783414     -0.165356666       3.20667215E-02
  -1.19667125     -0.345057279       8.22411403E-02
 -0.999733210      0.504493654      0.302086532    
 -0.328906357       1.14601564      0.373248309    
 -0.799194157      0.632911623      -8.05612653E-02
   1.25360143      0.737625182       8.08958188E-02
   1.88822663      0.371220231      0.683320701    
 -0.418637007     -0.806080759      0.168919355    
   1.16692114      -1.69047594      0.263052732    
 -0.521819174      -1.57133818     -0.159518078    
  -1.28289819      -2.17775893     -0.197312176    
 -0.460297674      -1.81701267     -0.219360873    
  -1.10650110      -1.15176463      -3.87888867E-03
  -1.14741814      -1.22188544     -0.222852856    
 -0.671034515     -0.422365487     -0.218288884    
 -0.278389722      0.181680739      -3.82564380E-03
  0.864948332       1.25443017      0.294234693    
  0.629510999       1.05609202      0.158218011    
   1.70894504      0.698684812      0.332735181    
  0.476428926       6.06816560E-02  0.103294164    
   1.39301705     -0.222897589      0.192623973    
  -6.49688318E-02 -0.304595113       3.37874182E-02
  -1.20531797     -0.526841402      -6.22485764E-02
 -0.333131671     -0.489947498      0.147202536    
 -0.647107840     -0.398211986      0.222837761    
 -0.723675311      0.644923568      0.431676567    
 -0.463801831       1.24112034      0.542356670    
  0.179508016       1.77434349      0.740089476    
  0.291158229       1.92328191      0.806871891    
   6.51985332E-02  0.635171115      0.474151790    
  0.578037977     -0.595465183      0.153990373    
 -0.528587699     -0.750618696     -0.159046859    
  -1.15540465E-02  -1.12910199     -0.244464055    
  0.727207839      -1.64572871     -0.330562800    
  -1.20345712      -1.89408934     -0.499450177    
 -0.373321891      -1.33199692     -0.169626623    
  -1.18798399       1.67145417E-03  0.177514851    
  -1.01088500     -0.299914122      0.189455003    
  -1.23009098      -1.25301182      -3.08083687E-02
  -8.26988220E-02 -0.407543123      0.230980679    
 -0.247328550      0.174710944      0.341831177    
 -0.140842617     -0.339470327     -0.164923325    
   1.02163231      -1.10075366     -0.341818750    
  0.838331163      -1.55277312     -0.306615025    
   2.82453394      -1.07192218      -1.54285887E-02
   1.07847726     -0.399901956      0.316970259    
 -0.882009327     -0.919741154      0.372101784    
 -0.311808974     -0.558745682      0.452290326    
   5.73059404E-03  0.707742751      0.514489233    
  -1.10624099      0.486572176      0.787014186    
 -0.322432607       2.53928304E-02  0.852445066    
  0.295123935      0.920684159      0.864938974    
   1.27153492       2.23652601       1.23175347    
   1.41441739       1.70735717       1.35222888    
   1.48096073       1.20366609       1.54551315    
   1.20678198      0.504843950       1.14497507    
  -1.18705058     -0.524222314      0.330593854    
 -0.382976651     -0.918971062      0.371342152    
  -1.25271213      -1.10230470      0.509509027    
 -0.467004180     -0.829553664      0.656692028    
 -0.930941939     -0.691458821      0.514430642    
  -1.54465985      -1.33451331      0.186301142    
  -1.09457922      -1.29092741       4.38098796E-02
  0.136383623      0.762178421       4.41124886E-02
  -7.63502941E-02  0.793593466     -0.297149867    
 -0.428511977     -0.313849092     -0.786997318    
   1.33353448     -0.859990180     -0.818108320    
   2.36700320     -0.596951425     -0.390031099    
  0.368762106     -0.573555708     -0.177380845    
 -0.791596353      -1.06936181     -0.498361319    
 -0.453486383     -0.783050776     -0.353934616    
  -1.41278577      -1.61764121     -0.254767835    
 -0.837208927     -0.961697280     -0.159039766    
  -1.23749113      -1.05304229     -0.190872207    
  -1.20964742      -1.17544591      0.102948070    
 -0.476399302     -0.246672988      0.247593969    
   1.33510602       1.72911549      0.464342296    
   1.58412182       2.00973463      0.438212365    
   1.46231961       1.37014174      0.470584363    
   1.23398900      0.717803895      0.380242020    
  0.847126663     -0.303970069       7.64711723E-02
  0.803446352      -8.13348405E-03  0.325494766    
  0.262237996     -0.247347429      0.654545426    
 -0.394209355      0.359626561      0.359019518    
 -0.974959791      0.886381507      0.206221819    
 -0.600916684       1.05855370      0.448925257    
 -0.225236997       1.60654986      0.722364247    
 -0.161420345       1.96821058      0.841413617    
  0.144483000       1.73220527      0.739592552    
 -0.202050418      0.508910716      0.109561972    
   1.73774242     -0.108139843      -1.66470092E-02
   1.40564167      0.303857386      0.357329875    
  0.685216367       6.58843070E-02  0.458693027    
   2.22347665      0.386463970      0.786247492    
 -0.626226187      0.184273571      0.879189968    
  0.121190719      0.882171273       1.17307949    
 -0.463912696       1.68388891       1.24261630    
 -0.787790418       1.46805680       1.38447046    
 -0.977549374       1.32153368       1.43211567    
  -1.26061690     -0.368565679       1.13630414    
   1.19325745       1.35783350       1.26725006    
   1.83070445       2.02551985       1.24965620    
   1.88864946       1.81842482       1.07927084    
  0.145023346      0.709227443      0.362334013    
  0.955150843       8.64016786E-02  0.491722584    
  0.170280293     -0.332657963      0.250177234    
 -0.427163720     -0.736557186      0.426152408    
  -1.54098773     -0.820767343       5.30097038E-02
 -0.740906477     -0.902099073      -3.05643305E-02
  -1.16230702      -4.31259871E-02  -4.33067158E-02
  -1.05508029     -0.751569450     -0.163049102    
  0.522513151       1.10006380      -1.63834468E-02
  0.721535325       1.09870863     -0.152911276    
  -2.39358693E-02  0.675193369     -0.240423664    
  0.997094691     -0.612823308     -0.422162592    
   2.68785739     -0.357276022       4.67738435E-02
  0.392814964     -0.370246381      0.500935733    
   6.73043206E-02  -1.13907981      0.426699072    
 -0.515302658      -1.09431779      0.455421120    
 -0.332703739     -0.703725398      0.280876458    
  -1.35804331      0.167336792      0.294612736    
 -0.320059240      0.403877646      0.462916225    
 -0.176692963       1.67592990      0.499409378    
 -0.272645682       1.04718840      0.320968956    
  -1.04116537E-02   1.66570818      0.491575271    
 -0.142227545      0.326995373       8.72426033E-02
  0.344521403     -0.279432237     -0.163718209    
   1.75332606     -0.437178612      0.130142003    
   2.45300174     -0.269210607       9.04594809E-02
   2.19467854       8.66902806E-03  0.415585071    
  0.573377430       3.84851173E-02  0.704014301    
  -1.13742673       7.60457590E-02  0.807987332    
  -1.23787951      0.949430704      0.962508380    
  -1.23748505      0.435539573      0.978543997    
 -0.664302647      0.586015224       1.33209968    
 -0.622513711      0.681402326       1.39587367    
   5.56506962E-02   1.01201069      0.963066578    
   5.70548624E-02   1.27431786      0.490836948    
   1.52881694      0.122327909       9.35601071E-03
   2.75611067      0.179328665      0.525518894    
   3.25653410      0.306255758      0.868055522    
  0.711906552      0.343293220      0.696878612    
 -0.672605157       7.87018761E-02  0.823512673    
  -1.05708635     -0.725779951      0.763183594    
 -0.329438448      0.916665256      0.862384975    
 -0.355900407       2.32270241       1.27213180    
  -1.06287146       1.22064769       1.13751447    
  -1.33844209       1.40209842      0.970289230    
  0.503300786       1.11758697      0.873462558    
  0.219593763       1.10023510       1.11339200    
  0.456248581      0.211166546      0.429934591    
   2.20376945      0.766560018      0.787264466    
   1.82726324       1.02391613      0.777365327    
  0.682789564      0.514766216      0.986220121    
 -0.203531548      0.478534371      0.839121401    
  -1.43856394      -9.45073813E-02  0.751615226    
 -0.153216198       1.66953731       1.00127685    
 -0.437097341       2.03572774       1.14116800    
 -0.533165514       2.79158306       1.26047909    
 -0.629485071       2.01816273       1.14668238    
 -0.589749336       2.03711367       1.12777162    
  0.331912011       1.17905271      0.770380497    
  0.218809679      0.573838115      0.243197724    
 -0.146989539     -0.304201573     -0.173931465    
   1.60992157     -0.274143159     -0.289965361    
  0.530701101      0.234179527      0.128164843    
  0.733763158      0.485348284      0.501358151    
 -0.441800088      0.622524858      0.483617842    
  -1.32142949      0.463238180      0.419849992    
 -0.287069768       1.14095497      0.612724245    
  0.179631114       2.25042558      0.837090135    
 -0.216901511       2.09187341       1.09042382    
  -1.28034222       1.03023767      0.718314111    
   1.60780907       1.00655806      0.783326983    
   1.34487069       1.13422751      0.868892372    
   2.18195891      0.729095101      0.727102160    
 -0.934084713      0.241596892      0.252516448    
  0.607309520      -2.35346295E-02  0.152838513    
  -7.35321864E-02  0.384780169      0.261063159    
  -1.27962720     -0.134569809      -6.35468662E-02
 -0.420430005      0.185270578       1.11068795E-02
  -1.11677694     -0.180283993      0.117418252    
  -1.30673540       6.10551471E-03  0.306453526    
 -0.237754136      0.887835383      0.454019904    
 -0.708435357      0.977705002      0.216820210    
   1.47852266      0.982139051       3.07684354E-02
   1.06683898      0.443807334     -0.175798580    
   1.98762822      0.509395301       4.08281647E-02
   2.46429610      0.719577193      0.120731853    
   1.17933738      0.362708628      -7.97617063E-02
   9.18153524E-02  0.594667256      -2.42184289E-02
  -4.47707847E-02  0.608951032       2.87806261E-02
 -0.286748409      0.983779609      -3.63653600E-02
 -0.365171522       1.67116392      0.161140278    
 -0.636422515       1.63356471      0.251495928    
 -0.627714932       2.33431602      0.298180133    
 -0.360307485       1.45860839      -7.07642063E-02
   1.18077946       1.48433924      0.111468136    
   1.66247892       1.17821777      0.124828160    
   1.66746390      0.996077061      0.194948107    
   2.28563881      0.931222200      0.385431617    
  0.169430837      0.853731871      0.533525109    
  -1.18355954      0.188701466      0.435273260    
 -0.480062574       4.70306762E-02  0.530181348    
  -1.41970468     -0.218516007      0.400118351    
 -0.791061461      0.171425134      0.468097836    
 -0.991462767      0.700035214      0.622326910    
 -0.780683100      0.685181975      0.414159000    
  0.286932617      0.962570846      0.281417787    
 -0.943746507     -0.261229903     -0.198967203    
  0.174971431     -0.638736248     -0.442780793    
   1.18591774      -1.41948044     -0.694848239    
 -0.135887563      -1.66379058      -1.03504038    
 -0.384358525      -1.63115942      -1.22798550    
 -0.516178668      -1.70148468     -0.987787306    
 -0.615971863      -1.97915757      -1.09728265    
 -0.409322232     -0.701949000     -0.766819298    
  -1.15070128     -0.571101785     -0.574008107    
 -0.827714860       3.47517394E-02 -0.201835334    
 -0.256425530      0.545397162     -0.266270489    
  0.245119214       1.37251699      -1.41924201E-02
   7.37896860E-02   1.13725710      0.293996871    
 -0.426481634     -0.101971045     -0.131023198    
  0.162346467      -1.37889338     -0.493975729    
   2.79224086      -1.56382895     -0.153420657    
  0.911989510      -1.23028898      0.149987251    
  -1.17294121      -1.78417778      -9.51707661E-02
 -0.879726708      -1.51555824       3.04170195E-02
  -1.10121500      -1.37777519      0.146608859    
 -0.814079762      -1.22214627      0.500773311    
 -0.350033581      -3.18147317E-02  0.735743821    
 -0.881098509      0.186570093      0.836803496    
  -1.09146678     -0.197333455      0.468770504    
   1.30115438     -0.489090949      0.215060472    
   1.55094051     -0.914501488       9.26877856E-02
   1.14856887     -0.815172672      0.620041847    
  -1.77877210E-02  -1.27830124      0.252062976    
  -9.21256915E-02  -1.51987112       1.67694725E-02
  0.382205367      -1.12240994      0.391218454    
  -1.33821726      -1.05352080      0.313257307    
 -0.683837891     -0.759497643      0.338214070    
  -1.07747233     -0.832459807      0.391178519    
 -0.895350575      -1.13125646      0.417037785    
 -0.157374009      0.372377753      0.798860312    
  0.275749683      0.874314010       1.05890465    
  0.663637698       1.38939047       1.16101146    
   2.02550864      0.839511395       1.45193708    
   1.62172675      0.257630795       1.56555271    
 -0.650964797     -0.569334626       1.04954064    
 -0.742088914     -0.792033136      0.554973960    
  -7.85932317E-02 -0.630770981      0.363972157    
 -0.591350198     -0.186679661      0.446121007    
 -0.936177373       3.60975452E-02  0.556825101    
 -0.600051939      0.738846004      0.695815504    
 -0.789424241      0.358722150      0.929876387    
   1.39799500E-02   1.45553255       1.23008335    
  0.541721225       1.78524268       1.53231370    
 -0.236605033       1.17208135       1.47592378    
   1.08032346      0.228861123       1.40540636    
 -0.345615834      0.200253472       1.19271970    
   1.86863196      -5.22009172E-02   1.04862928    
  -1.19607902     -0.475262463      0.800075173    
 -0.471000105     -0.974323511      0.610638797    
 -0.580672204     -0.601241946      0.629437804    
  -9.63870585E-02  0.717814684       1.18654239    
  -1.37861550     -0.382020652       1.14875722    
  -1.08705735      -1.03310680       1.08381796    
  -3.13378982E-02  0.233694911       1.07541502    
   1.16497052       1.69019198       1.02882040    
  0.351440817       1.76364803       1.12520170    
   1.77698207      0.872793853       1.56918931    
   1.97256458      0.295689970       1.60882127    
  0.352515399      -1.75109133E-02   1.54209125    
  0.875195324     -0.809346497       1.34653342    
   4.92462739E-02 -0.787359834       1.50131094    
 -0.931201279     -0.780186296       1.74081528    
 -0.819440484      -1.54208624       1.58457708    
 -0.445582479     -0.427244037       1.65239859    
 -0.249286190      0.514999270       2.01953793    
  -1.16484511       2.47245561E-03   2.00569963    
  0.634118140      0.982402921       2.20223188    
 -0.899832487      0.200946450       1.65157866    
 -0.765463948     -0.681863785      0.897453845    
   2.30034804      -1.12499046      0.586743355    
   1.55088437     -0.914543152      0.648815334    
  0.711166382      -1.07082486      0.338662207    
  0.397521675     -0.523757815      0.516493857    
  0.309911191      0.485451698      0.685422957    
 -0.105180122      0.893041134      0.900910318    
 -0.892924070      0.294898212       1.19395494    
 -0.952392638     -0.152745903       1.40032494    
  -1.02133644      0.389035195       1.30623865    
  0.817335606      0.967491031       1.31964839    
   1.91543150      0.983795047       1.57898819    
  0.932661653      0.407999933       1.35397351    
   1.49921918     -0.241941050       1.42014980    
   2.06599569      -3.63305910E-03   1.65950501    
  0.829174936     -0.108112060       1.54609704    
   9.16449130E-02 -0.456607938       1.28193593    
  0.103198655      0.302713782       1.39592516    
  0.263583511       1.60288906       1.57518113    
 -0.583366930       2.07195950       1.87939751    
 -0.918478549       1.02784550       2.09992170    
 -0.911140680       1.03414237       2.15002155    
  -1.16873610       2.65194792E-02   1.52102399    
   1.29355156      0.615400732       1.66059661    
 -0.427793860      -5.72615787E-02   1.08024788    
  0.506396890     -0.112961285       1.23312008    
  -1.79320896     -0.514246106      0.833626509    
 -0.545081198     -0.656964839      0.891974926    
 -0.102041908     -0.760536313      0.954906821    
  -1.04728150     -0.494807512       1.12334335    
 -0.609545708      0.741250575       1.35699606    
  -1.45385063      0.682619989       1.59148645    
 -0.659589827      0.777247787       1.64991736    
 -0.449803233       1.08299732       1.64127219    
  0.844676316       1.22882593       1.49346626    
 -0.391058624      0.266177922      0.918568969    
   9.57660750E-02 -0.149683893      0.567015290    
  0.506396890     -0.228169695      0.661255121    
  -1.79689062      -1.22480702       2.34366171E-02
 -0.604993880      -2.01607704     -0.158454075    
  -6.62773848E-02  -1.63830209     -0.134246290    
  -1.07142246      -2.07670617     -0.240075797    
 -0.636879742      -1.26965845       5.26298918E-02
  -1.41159618      -1.30718672      0.162634686    
 -0.670162439      -1.63772333      0.100199744    
 -0.407321215     -0.918447852      0.352119863    
  0.722361863      0.296599001      0.670992732    
 -0.328412741      0.506645083      0.598543346    
 -0.114447244     -0.415764570       6.50039986E-02
  0.885189414     -0.858122706      0.140309989    
  0.428489685      -1.15877450      0.207653224    
  0.281167805      -1.25791359      0.296072543    
 -0.937325597      -1.72486806     -0.108829848    
 -0.226962805      -1.20282650      -4.69025187E-02
  -1.06654453      -1.29139042     -0.164694369    
 -0.700272739     -0.770102024       6.86672479E-02
  -1.31999075      -1.23319983      -1.83579437E-02
  0.240349874     -0.522983015       6.45052716E-02
   9.90835950E-02  0.140002415       9.77948532E-02
  0.599680543     -0.254763246     -0.178059712    
   1.86658657     -0.463227391      0.244209364    
   1.14679968     -0.768651307      0.135209128    
   2.22793984     -0.755779684      0.409314603    
   1.00142086     -0.610657990      0.401230276    
 -0.350938022      -1.02691483      0.304825991    
   8.27461630E-02 -0.164461523      0.544207811    
 -0.955357671     -0.318188995      0.679549217    
 -0.331130356     -0.200245753       1.07037091    
  -1.32884049     -0.522981465       1.01943421    
  -1.20273662      -1.36229455      0.717368126    
  -1.84890404E-02 -0.224593744      0.903939068    
  -1.30073571     -0.441001505      0.406768620    
   1.78598619      -5.94037585E-03  0.821095347    
   1.82812703       8.15462768E-02   1.00854921    
   1.02603722     -0.308465868      0.668211579    
  0.347123533     -0.444265723      0.581623912    
 -0.310754240      -1.03409302      0.626901567    
 -0.706010401     -0.352340370      0.945317388    
 -0.782184422     -0.155564070       1.20676386    
 -0.800269663      0.148458466       1.36266673    
 -0.502037168      0.454701900       1.56626439    
 -0.512276828       1.06438136       1.51337445    
  0.358923495       1.34714568       1.51530373    
  -1.15030313      0.596821785       1.12253678    
  0.424437851     -0.159254238      0.786275864    
   2.76194167     -0.498474538       1.09036791    
  0.436316907     -0.450584203       1.34558749    
  -9.05578062E-02 -0.731528938       1.47217536    
  0.509764493     -0.303428352       1.67697287    
  0.161235541      0.685949028       1.72423482    
 -0.875548422      0.667623222       1.59623945    
 -0.215731323       1.04078341       1.62267029    
  0.147622749       1.64611995       1.67049837    
 -0.413683176       2.19399738       1.77366030    
  -1.85070615E-02   1.55503881       1.60552013    
   1.56043100       1.60076225       1.64037776    
  0.286247164      0.620526195       1.33475924    
