   1.30811584     -0.749058604      -1.00542808    
 -0.211221829      -1.38133550      -2.09472227    
  -4.17946428E-02  -1.32842565      -1.65074134    
  0.560547471      -1.14319563     -0.932141721    
  0.207687899     -0.800739110      -1.71037173    
 -0.861531734     -0.887701213      -1.78995097    
  -1.34505892     -0.550969660      -1.51866996    
  -1.13065171       6.81481510E-02  -1.01698530    
 -0.413052469      0.719537675     -0.888432920    
  0.527531326       1.01447618     -0.860076010    
   1.32017016      0.852078557     -0.632878006    
  0.912923038     -0.391431183      -1.15989542    
 -0.507888615     -0.876218259      -1.92310119    
  0.446259826     -0.898361921      -1.80512321    
   1.23407459     -0.347642154      -1.37352395    
  -4.24257629E-02 -0.261092484      -1.54893601    
 -0.377558798     -0.179618716      -1.30850232    
 -0.603263676     -0.250574499      -1.48361409    
  -1.54709876      -8.64055902E-02  -1.29890704    
  -1.78345776      0.216066182      -1.11526287    
 -0.469880998      0.515699923     -0.584952712    
  0.171098113       3.13860849E-02 -0.811844289    
   1.06254172     -0.236474276     -0.734250009    
   2.10343552       7.07931817E-02 -0.186500028    
  0.825404882     -0.155834615     -0.669755816    
  0.769057691     -0.909552753     -0.894364774    
   6.63963631E-02 -0.825781643      -1.42494261    
   1.16309428     -0.501271904     -0.896077633    
  0.221156284      -6.67919293E-02 -0.797845006    
 -0.466012269      0.179994136      -1.16138983    
  -1.40296519      0.619538128     -0.662427247    
  -1.22143054      0.647326112     -0.229229599    
 -0.771972179      0.818839252     -0.186448961    
  0.677048445      0.787585378      -1.17246108E-02
   1.52411079       1.03467941      0.257783800    
   1.15137446      0.260846615     -0.162443176    
  0.849902689     -0.567098916     -0.408928603    
   1.25892818      -1.05978668     -0.681073606    
   1.37401223     -0.306611806     -0.296687067    
 -0.537093878     -0.517796397     -0.861095726    
   9.42768753E-02 -0.331193000     -0.348063469    
 -0.784927964      0.183060825     -0.442663491    
  -1.85282218      0.372015804     -0.200221896    
  -1.28592074      0.344213247       8.89693126E-02
 -0.836537361      0.577348530     -0.102307223    
  0.189599678       1.29115200      0.294444114    
   1.20989692       1.41622043      -9.59315151E-02
  0.326787174       1.05222833      -4.82836626E-02
 -0.656534076      0.166656628      -1.28355420    
 -0.448119909     -0.585900903      -1.34916937    
  0.174829945     -0.719905138      -1.08597064    
 -0.526737273     -0.621458769      -1.10048687    
 -0.636862516       2.61938460E-02  -1.01648247    
  -1.46610653      0.282544822      -1.01568556    
  -1.74717498       2.66340226E-02 -0.811320305    
  -1.35409904       9.49103907E-02 -0.461422503    
 -0.538842738      0.729741037     -0.406678587    
  0.868863463       2.11807179     -0.357825160    
   2.11240649       1.55771029      0.335740030    
  -3.12232296E-03  0.684893191     -0.799940884    
  -1.59785330     -0.503076255      -1.92534053    
 -0.663262188      -1.52828062      -2.50835061    
 -0.504276454      -1.12885880      -1.45898831    
  -3.36756073E-02 -0.853754699      -1.37066185    
 -0.298726261     -0.167186692      -1.08838010    
 -0.406146914      0.582019985     -0.805504680    
  -1.85308826      0.877415836     -0.786070228    
  -1.83188152      0.410870373     -0.506893456    
   2.33196318E-02  0.523973405      -1.05075901E-02
   1.04544342       1.53035986      0.629393339    
  0.863449574       1.70623112      0.498139203    
  0.873203337      0.427439779     -0.472163469    
   1.80779088     -0.210022673      0.104201443    
   1.15939975      -2.59228665E-02  -8.87324214E-02
  0.398376137      0.184915394      0.295738637    
  0.570379496      0.527268827       3.93277295E-02
  -1.17738962      0.911178648      0.140141413    
 -0.948771119      0.443969578       1.63795818E-02
  -1.10615158       1.24560618      0.628167510    
  -1.06844926       1.69684601      0.786573052    
 -0.391233563       1.95897353      0.983181775    
  0.663101315       2.17420697       1.08346796    
  0.639753938       1.89162767       1.01564586    
 -0.364162534       1.02738678     -0.244718879    
  0.352584004      0.368105769     -0.533274293    
  0.402864635     -0.184463322     -0.302983522    
 -0.877538025     -0.682909131     -0.698903561    
 -0.626343668     -0.450091064     -0.464027375    
  -6.37057796E-02  0.237710208     -0.236914799    
   4.66944352E-02  0.468385518      -5.02509736E-02
  -1.64292133      0.984589100      0.141683385    
  -1.52886546       1.13498032      0.257619113    
  -1.28197777      -8.06581676E-02   5.20042926E-02
  0.999540091      0.709759891      0.530664086    
  0.294485331      0.277906448      0.124500670    
  0.827392817      0.300568312      0.133157194    
  0.851628482     -0.134829044     -0.148754790    
  0.460144490     -0.718079686     -0.573092520    
  0.438514739     -0.270229131     -0.614923835    
 -0.652039170     -0.451319069      -1.11819088    
  -8.25430602E-02  0.248363033     -0.602232337    
 -0.301165223      0.168924928     -0.446465135    
  -1.52014709      0.552421033     -0.184055418    
  -1.05518174      0.786037445       5.40957712E-02
  -2.70721987E-02   1.00670636      0.153205454    
  0.455433249       1.50950634      0.191782892    
 -0.463481367       1.11223257     -0.161503553    
  0.748881698      0.288650483     -0.214168310    
   1.15774047       1.68853551E-02 -0.531866133    
   1.15188348     -0.229374602     -0.510373652    
 -0.746618211     -0.432354450      -1.10298514    
 -0.748718500     -0.205051184     -0.625182211    
  -1.24439788     -0.597632408      -1.12773514    
  -1.24787951     -0.423593193      -1.22110045    
  -2.10093069     -0.577717364      -1.09822631    
  -1.18011844     -0.269098938     -0.679912031    
  0.534343123      0.928784430     -0.111183897    
   1.02134967       1.73133183       5.92218749E-02
  0.726808548       1.38161969     -0.358222336    
  0.429215491       1.31591296     -0.344819248    
 -0.952528358      0.365064174      -1.37789881    
 -0.782992840     -0.636350811      -2.36584568    
  0.713250279      -1.22422254      -1.62588489    
  0.630166590     -0.605388999      -1.18976796    
  -1.05267477     -0.352152318      -1.32386649    
 -0.566329420     -0.503916919      -1.13746417    
  -1.20396471     -0.386996359     -0.827328265    
  -1.16510022      0.759162843     -0.476011783    
 -0.423656851       1.54966426     -0.363998353    
   1.07443678       1.14617646     -0.211065009    
   1.52883804      0.843491793      0.163736820    
 -0.121652372      0.300463885     -0.450884104    
 -0.651942253     -0.503943384      -1.59606612    
   1.47862232     -0.462367117     -0.364735425    
  0.503325105     -0.465521067     -0.620230496    
   1.35924423      -2.89128982E-02 -0.346919537    
   1.60923991E-02  0.243699536     -0.796709895    
 -0.771418452     -0.251372904     -0.860701263    
  -1.54359055     -0.148584247     -0.386685818    
  -1.69395649     -0.843107164     -0.390630126    
 -0.278910786     -0.230384499     -0.340328962    
  0.301570117      0.256421059       6.13001455E-03
  0.874956608      0.359714627     -0.235372826    
   1.73009300     -0.656103253      0.186619803    
 -0.255608678      -1.22466409      -1.28836155    
  0.529099464      -1.78219140      -1.08437669    
  0.680065930      -1.76400936      -1.13124084    
  0.645135403     -0.674886763     -0.943746567    
 -0.134088531       1.32502578E-02 -0.671364725    
 -0.408235282      0.384676516     -0.587452829    
 -0.883432627       1.26060128     -0.164607748    
  -1.30786717       1.57241201      0.138837203    
 -0.785492837       1.64976549      0.232349649    
   7.57744238E-02  0.806133568      -7.91353956E-02
 -0.526161909      0.435882479     -0.486515850    
   1.11361575      0.305823982     -0.188111573    
 -0.616725385     -0.214468062      -1.13468051    
  0.398254991     -0.520762622      -1.09518468    
   1.11508238     -0.191722929     -0.681586981    
  0.992548168      0.279795378     -0.212822720    
  0.525981545       1.07801378     -0.560024977    
 -0.458081514       1.82708025      -4.52816188E-02
  -1.62713838       1.95080042      0.200772285    
  -1.30636930       1.97718859      0.287281126    
 -0.478577465       2.66198015      0.422938406    
  0.118687682       2.08360839      0.237686232    
  0.984032691       1.84656179      0.575212181    
  0.392508060       1.33375669      0.577411950    
  0.308120400      0.743496239      -6.31424040E-02
 -0.348826200      0.255883068     -0.697662771    
 -0.177876085      0.106792532      -1.04655659    
 -0.123756208      0.292967647     -0.793222666    
 -0.430481821      0.771243274     -0.679972827    
 -0.721856773       1.04980934     -0.741698265    
  -1.91161990       1.21441972     -0.432146192    
  -1.29993701       1.48467791     -0.239464208    
  -1.27617514       1.05019271     -0.125918478    
 -0.270071030       1.04047048     -0.394771695    
   1.55562711      0.912439704      0.263515770    
 -0.165446341      0.148781210      -1.44958246    
  0.704994321     -0.398775399      -1.31755507    
  0.496888399     -0.842275739      -1.48141515    
   1.31961668     -0.390064389     -0.633508503    
  0.310464174     -0.103481293     -0.669274092    
  0.739911139      0.854448676     -0.358215302    
 -0.218214646       1.08204806     -0.472114146    
  -1.28471768       1.34832084     -0.144009113    
  -1.60121274       1.33447182       4.78565581E-02
 -0.121826060       1.90423679      0.424795657    
  0.263837755       1.65979052      0.192539349    
 -0.201184332       1.29695630      -7.94946924E-02
   1.76238823      0.861578763      0.183552593    
  -1.35406148     -0.197291896      -1.51609492    
  0.969082236     -0.175042465     -0.542829037    
  0.143868268     -0.146853939     -0.744663358    
  0.850606203     -0.179813042      -9.65232924E-02
  0.186175227      0.212499827     -0.133664429    
 -0.711718023      0.456365913     -0.350447327    
  -1.19079638      0.574593782       8.41866508E-02
  -1.69885337      0.621187806      0.332096010    
  -1.07849872      -2.51125712E-02   5.11113405E-02
  0.796769798      0.628681421      0.298583031    
   1.65745986      0.779128134      0.584928930    
   1.96721041      0.598231196      0.465339512    
  0.891940236      0.236421406      0.470864534    
  0.819403708     -0.155880883      0.226871297    
  0.984563112      0.250055015      0.748494029    
  0.139887720      0.732306778      0.843542278    
  0.379290432       1.52663887       1.21925116    
 -0.744731843       1.43472373      0.915135145    
  -1.25641656       1.67405057       1.32157159    
  -1.51599240       1.79241991       1.47108018    
 -0.967928886      0.881140828       1.37007010    
  0.646455765       1.57684684       1.84055507    
   1.29974496       2.26569510       1.83093524    
   1.00326025       1.41644251      0.899003029    
  0.809092999      0.700440824       1.07934487    
  0.761365473      0.232512683      0.661963165    
  0.864306390      0.366489142      0.771926522    
   1.11631715      0.981511831       1.27555382    
  0.522184312       1.22578895       1.18028009    
  -1.20199192       1.72875690      0.921522319    
 -0.745438576       2.00164676       1.70331097    
 -0.976182222       1.70454443       1.76857388    
  0.208406597       2.21160603       2.04530168    
  0.557569087       1.77529800       1.66790557    
   1.25982726       1.10313690       1.52443540    
   1.01789021      0.332385331       1.17885435    
   8.21711589E-03 -0.839273810      0.594533920    
   1.50919282      -1.62090027      0.880614758    
   1.03848743      -1.12860239       1.34789872    
  0.121394321     -0.390382946       1.23887229    
  0.212699503      0.293390632      0.791425288    
 -0.700081110     -0.112788461      0.551877439    
  -1.36186504      -6.19684858E-03  0.946651757    
  -1.42712891      0.164615691       1.08042634    
  -1.36272073     -0.216153428       1.08275199    
   1.11627805      0.350301713       1.15924549    
   1.14170504      0.879756868       1.51246417    
 -0.176379427      0.238609076      0.378129691    
  0.350137770      -1.00089681      0.103301443    
  0.878504515      -1.43892729      0.121353328    
  0.309715420      -1.64281261     -0.201728642    
  0.297949195      -1.07825434      -1.09267663E-02
  -7.70667344E-02 -0.814986050      0.174387068    
  -1.06186223     -0.368975550     -0.126608878    
  -1.60086930       9.29038227E-02  0.272173166    
  -1.42235577      0.543819726      0.484184831    
 -0.144983977      0.852292717      0.438100100    
  0.636939585      0.616441011      0.280133128    
  0.366849899      0.374664783      0.184035167    
  0.853930533      0.191500857      0.346023947    
  0.467555612     -0.960863173     -0.143483371    
  0.134121522     -0.940531731       2.24840585E-02
   9.48020294E-02  -1.02014828     -0.258473337    
  -4.34778221E-02 -0.994335115     -0.203987435    
  0.483561903     -0.866018832       9.17591229E-02
  -1.23019469     -0.576858103      -3.63529846E-02
  -1.62536693     -0.451196134      -2.56534200E-02
  -1.62290871     -0.312052578       7.42012635E-02
 -0.264456630     -0.581070900      0.266226321    
  0.962559700      0.530502081      0.602520287    
  0.866328478      0.450688541      0.235411584    
  0.691541731     -0.319744438     -0.263889164    
 -0.997072518     -0.899242282      -1.60624778    
   1.55797964E-02  -1.58076870      -1.52856016    
   1.24610496      -1.30795407     -0.764259815    
   1.86902654     -0.988926113       2.64891293E-02
  0.597397685     -0.529112816     -0.130198300    
  -1.18748641      -1.16693219E-02 -0.441733539    
  -1.76083374      -7.80157838E-03 -0.173649102    
  -1.69185519       8.17962829E-03 -0.287386805    
 -0.517167747      -9.94853303E-02  0.161869019    
   1.34704041      0.582590997      0.864589155    
   1.52588272      0.547777355      0.944764614    
 -0.552474260      -5.54411747E-02 -0.416563600    
  0.788895667      -1.21620154     -0.646104038    
   2.46895887E-02  -1.89140165     -0.930873632    
   1.37335420      -1.94841588      -4.03237110E-03
  0.378203064      -1.65089703     -0.584187448    
 -0.183775976      -1.51291406     -0.779214561    
 -0.320441544      -1.58704889     -0.531446099    
  -1.85399723      -1.48002636     -0.500729978    
  -1.41707134      -1.56424820     -0.260803461    
 -0.133688614     -0.514586926      -6.17985763E-02
 -0.224975407      0.100369647     -0.189809412    
   1.50718498     -0.181680813      0.551884472    
   1.29399014     -0.178436980       7.23184943E-02
  -2.27801725E-02 -0.670422852     -0.908542812    
  -1.33398271      -1.26593363      -1.57990229    
  0.275221288      -1.33072174      -1.08422530    
 -0.107744083     -0.859564245      -1.01451516    
  -6.01336174E-02 -0.239661261      -1.16713595    
 -0.437951922     -0.207147643      -1.00524139    
  -1.06415725      0.253698021     -0.496230006    
  -1.51283205      0.342243701      -9.60636064E-02
 -0.557977438      0.162907854     -0.231007576    
 -0.264553249      0.432680935     -0.475434989    
   1.07926261      0.372385919     -0.139792681    
   1.69466627     -0.227707744     -0.227891058    
  0.818053603     -0.727053702     -0.725261450    
  0.914388478      -1.84447455      -1.30167830    
  0.627484202      -2.69056773      -1.35586476    
  0.338473409      -2.36067271      -1.56275737    
   1.30629055E-02  -1.81832039      -1.76895082    
 -0.177785292      -1.19566393      -1.56810892    
 -0.989425540     -0.386898547     -0.944871128    
  -1.69785702     -0.189314514     -0.690294564    
 -0.716840804     -0.409489036     -0.862641215    
  0.494991839      0.197216555     -0.440755188    
   2.01544118      0.479461342       1.00179641E-02
 -0.240353197     -0.517678738     -0.844407082    
  0.149628341      -1.30618680      -1.38247550    
   1.40535748     -0.931289315     -0.905814648    
  0.762428343      -1.36307275      -1.28160453    
   1.04844749     -0.812627852     -0.545174122    
  0.221320331     -0.311543643     -0.831214488    
 -0.365276486     -0.210470781     -0.724324465    
  -1.81896412       8.25114101E-02 -0.761793196    
  -1.77499580      -3.36530656E-02 -0.443618953    
 -0.473271608       4.99528386E-02 -0.370849580    
  0.183731019      0.236122668      0.147603810    
   1.88918316      0.332755446      0.674378216    
   7.78934360E-02 -0.129815251      -6.06907532E-02
  0.293038607      -1.37583518     -0.868179500    
  -4.75929491E-02  -1.55660129      -1.07107675    
   1.43715394     -0.711186171       9.58610624E-02
  0.626210570     -0.212483957     -0.441633165    
  -5.86474799E-02  0.485331684     -0.290697962    
 -0.306394011      0.765979648     -0.503710032    
  -1.78983355      0.860814691     -0.119993649    
  -1.64651847      0.576486707      0.215931326    
  -1.11018491     -0.120411590      0.210340247    
  0.355388731      0.275650054      0.583224952    
 -0.471217990      0.322500497      -8.27221721E-02
  0.863098145     -0.780698478      0.141580343    
   1.39094329      -1.14056385     -0.272415340    
 -0.390902519      -2.03653717      -1.31924939    
  0.535184443      -2.32761860      -1.16733050    
  0.345029533      -1.47878909     -0.965814114    
  -9.60216522E-02 -0.890010476     -0.769046009    
  -8.05247575E-03 -0.408436835     -0.745087802    
  -1.57562125     -0.200841084     -0.335342884    
  -1.38340211     -0.384825885     -0.139617443    
  -1.20893979      -7.39550516E-02 -0.181230381    
  0.134048253     -0.571577311       7.91873559E-02
  0.754104674     -0.968376577       3.09653357E-02
   1.69813824      -1.15575325     -0.100002632    
   1.51821530      -1.65607345       9.22857374E-02
  0.580748320      -2.15961885     -0.955473840    
  0.480977565      -2.22158742      -1.01922739    
   1.18376708      -2.01496983      -4.05068807E-02
   2.21467167E-02  -1.60836375     -0.602439284    
 -0.121908970     -0.730602920     -0.260942578    
  -1.30697536     -0.412940383     -0.218575835    
  -1.86951602     -0.151237205     -0.462402642    
 -0.392242432       2.79373713E-02 -0.262680054    
  0.583505988      -8.90889540E-02 -0.284487784    
   1.51515543     -0.183149397      -7.43685849E-03
   1.84952128     -0.135595724      0.151557803    
   1.30789864     -0.585982859     -0.112554148    
  0.735363126      -1.22788417     -0.555238783    
   1.32039094      -1.05508745     -0.340011925    
   1.30027330     -0.329412460     -0.220664665    
  0.672116816      0.123310417      0.304074615    
 -0.239733458      0.511668265      0.260040820    
  -1.07044101      0.916488528      0.347268283    
  -1.22751462       1.16492426      0.518752813    
 -0.354305446       1.64443982      0.662920415    
  0.397573382       1.28087330      0.749172151    
   1.91851246       1.35430622       1.29285443    
   1.22882819      0.966166437      0.539133966    
   1.60451412      0.919301450       1.17015910    
  -1.12001395      0.335379303     -0.376280397    
 -0.531581938       6.25712499E-02 -0.472121179    
 -0.180826172     -0.119942330       3.37278470E-02
 -0.739591777       4.88292612E-03 -0.263120383    
 -0.909107149      0.179963723       2.29992233E-02
  -1.69883609      -2.02957373E-02  0.363085121    
  -1.49346530     -0.316809922      0.494039893    
 -0.872151315       6.94633927E-03  0.675914884    
  -1.82989854E-02  0.540430486      0.547515690    
  0.948262870      0.649074972      0.247581780    
  0.163315356     -0.164854944     -0.483364969    
   1.73858190     -0.318681657      0.334295809    
  0.358365387     -0.240183398      -4.96098772E-02
  0.393780231     -0.601882160      -2.18940414E-02
 -0.877601922     -0.828525782     -0.442652047    
  -7.05088601E-02 -0.539880633     -0.434229761    
 -0.869060218      -9.06315520E-02 -0.116503738    
  -1.37438858      0.298457295       8.82630497E-02
  -1.25142884      0.513384044      0.220094025    
 -0.409395933      0.443497658      0.199549094    
  0.647062063       1.34728050      0.391677201    
 -0.128745317      0.892225921      0.170257822    
  -7.99333379E-02  0.397329301     -0.310352564    
 -0.698207915     -0.479656965      -1.00385785    
  0.139588222     -0.899055898      -1.17395365    
  0.509207189      -1.08278298     -0.482598841    
   1.13233984     -0.458570749      0.102185696    
  0.430893123       8.63170251E-02  -4.73748595E-02
 -0.943458855      0.633395135     -0.145588070    
  -1.49654615      0.920257151       3.13730650E-02
  -1.18434560       1.18521476      0.444400072    
   4.39410917E-02   1.50607741      0.751452923    
 -0.588706791      0.990655065      0.160187021    
   1.21123862      -3.28427702E-02  0.750601411    
   1.97335219     -0.218271032      0.733141303    
   1.36219370     -0.711014330       9.47550014E-02
 -0.343591869      -1.48801434      -1.08724225    
  0.958216310      -1.50662601     -0.375431478    
 -0.331505716      -1.40873349     -0.858062863    
  -1.22930992      -1.75192630      -1.06186545    
 -0.216993868      -1.60580599     -0.639822543    
  -1.48011720     -0.903608382     -0.519747019    
 -0.938387096      0.246542841     -0.122019075    
 -0.734389007      0.627959669      0.157367274    
  0.684963107      0.560337603      0.296326876    
   1.25144696      0.365859926      0.293266714    
  0.648209572      0.306351423      0.432996899    
 -0.116725139     -0.363303453      -1.21482956    
  -8.37220997E-02  -1.03621006      -1.26249063    
  0.915340722      -1.49293423      -1.11510170    
   1.13887465      -1.52437580     -0.507448256    
  -5.40071987E-02  -1.33763492     -0.595109820    
 -0.510687232      -1.48577511     -0.756754279    
  -1.60134959      -1.18429732     -0.541681588    
  -1.56407368      -1.04323447     -0.344489038    
  -1.22561753     -0.770596921     -0.718829393    
  0.111838192     -0.868275225     -0.738442600    
  0.385976762     -0.842781961      -1.12797463    
   1.71402073     -0.953993499      0.129678741    
  0.131748840      -1.65618706     -0.715836167    
  -4.90315072E-02  -1.76341844      -1.20312870    
  0.724790275      -1.43796766     -0.981524408    
  0.399022132      -1.42772329     -0.889229000    
  0.556578338     -0.807764769     -0.857818961    
  -1.08136940     -0.269742697     -0.791906118    
  -1.45620489      0.366592228     -0.317679346    
  -2.05100012      0.306207329     -0.250364542    
 -0.517128348      0.720533013      0.173928261    
  0.789948583       1.30892432      0.139932707    
  0.761049867       1.32857370       8.86707753E-02
   1.94968200       1.27385819      0.464692265    
  0.630037844     -0.253987521      -8.07848051E-02
 -0.776593208      -1.04867649      -1.75236428    
 -0.747124970      -1.52733815      -1.60724032    
  0.554966331      -1.31195927     -0.778540015    
   2.07776353E-02  -1.43421221     -0.998781979    
 -0.672853053     -0.840167344     -0.819097996    
  -1.49625432     -0.402512282     -0.896542549    
  -1.51587546     -0.495802075     -0.499439001    
  -6.52409643E-02 -0.344790906     -0.333621264    
  0.962616920       1.10751224       8.00679773E-02
  0.166964293      0.485481054     -0.557457030    
  0.687541008     -0.414545119     -0.808310330    
  -3.00176218E-02  -1.45929444      -1.30838335    
 -0.109577015      -2.19159985      -1.83096695    
 -0.936666846      -2.40519691      -1.82878554    
  0.772688866      -2.16928697      -1.41847360    
 -0.757533789      -2.09533334      -2.24318457    
 -0.999279678      -1.54503107      -1.35476840    
  -1.47435582      -1.20663011      -1.10039794    
  -1.93929183     -0.963452637      -1.11314225    
 -0.609973073      -2.00908501E-02 -0.985105932    
  0.187048048      -8.34353827E-03  -1.12249541    
  0.216657862     -0.948707402      -1.01895440    
  0.102545954     -0.977817237      -1.40753007    
 -0.242094472      -2.13244963      -2.23444009    
  0.642237246      -2.33697319      -1.61162055    
  0.345526963      -2.09498954      -1.45635176    
  0.267558783      -1.92549753      -1.41727149    
 -0.815796793      -2.15845442      -1.60151362    
 -0.448718041      -2.33874846      -1.52274013    
  -1.24527264      -1.72776675     -0.955844581    
  -1.65922892      -1.31443775     -0.976542771    
 -0.110954560     -0.634107590     -0.958205521    
  -4.45427299E-02 -0.400729090     -0.619638681    
   1.29371107     -0.614183307     -0.470445365    
   1.76867950     -0.729229510     -0.130913362    
  0.465835959      -1.50143766      -1.46964562    
   1.78009284      -2.31789112      -1.07080376    
  0.571802557      -2.44115257      -1.50209308    
   1.10532832      -1.45481467      -1.13821983    
  0.309746355     -0.479001313      -1.31296790    
 -0.856299460      -8.06475952E-02  -1.45240748    
  -1.18841696       9.42481458E-02 -0.879378378    
  -1.20412612       1.69263314E-02 -0.830093443    
 -0.342148632      0.930075884     -0.643390834    
  0.757274568       1.37059009     -0.290863514    
   1.82801068      0.975956082       4.67135124E-02
   1.22388494      0.880171955      0.549298108    
  0.953898013      -4.06258404E-02 -0.646295130    
   2.43954277      0.123352714      0.516050160    
   1.75911522      0.283541501      0.309092402    
  0.511405647      0.830831110      0.450162858    
 -0.213560656       1.29440773      0.229234889    
 -0.293222785       1.48528993      0.636477113    
  -1.73071754       1.57776952      0.820787013    
 -0.954990625       1.28878725       1.26064920    
 -0.101511694       1.55634487       1.49703825    
  0.835959971       2.13327050       1.58474743    
   1.57817698       2.30153584       2.17148519    
   1.10612118       2.06025386       1.95463979    
  0.492861152       1.72027457       1.27378023    
   1.38623762      0.783839226       1.16528666    
   1.75152600      0.631096423       1.88848305    
  0.669449031      0.377071887       1.32118142    
 -0.218761116      0.557570994       1.22227168    
 -0.430268139      0.771129608       1.24505341    
  -1.81975412      0.530311704       1.60591590    
  -1.93645108       2.31178943E-02   1.39235342    
  -1.15221548     -0.284686238       1.63161862    
  0.830815852      0.776444793       1.96217966    
   1.55187595       1.22253728       2.43391347    
   1.27683139      0.690294325       1.94236302    
   1.80960429     -0.219255820       1.64772248    
  0.914806783     -0.402436942       1.67495847    
  0.638828278     -0.315941453       1.14628804    
  0.434665263      0.127586603       1.66887426    
   2.14324016E-02  0.739750147       1.26353943    
  -1.01204979      0.714137912       1.37921536    
  -1.82215285      0.570600450       1.57920218    
  -1.31662631      0.433217615       2.01610804    
   6.27938434E-02   1.50062478       1.83305490    
  0.705297649       2.18471837       1.97695482    
   1.66490257       1.92087233       2.07816124    
   1.75331080       1.35220969       2.74499774    
  0.554718494      -9.39771682E-02   1.25996673    
   1.51510346       3.96529585E-02   1.78545368    
  -3.84977530E-03 -0.264472455       1.18602169    
  -1.24035513     -0.281581193      0.821462452    
 -0.332901627     -0.251140237       1.14240801    
 -0.356449246     -0.254009992       1.22207439    
  -1.37653303      -3.98842804E-02   1.40865815    
  -1.49232519      0.188235879       1.38590813    
 -0.692287266      0.264399767       1.37310827    
   1.99208651E-02  -7.73204938E-02   1.55408323    
   1.23653650     -0.414050728       2.21249223    
   1.98720765     -0.958191693       1.91708469    
  0.220442250      -1.67108178      0.930691361    
 -0.134007096      -2.04963946      0.612990856    
   4.32346575E-02  -1.88050830      0.384313434    
  0.602976739      -1.06993592       1.13935578    
 -0.102356210     -0.647045910      0.728850007    
 -0.485179693     -0.373551786      0.309226245    
  -1.87895775     -0.306309104      0.620325565    
  -1.36739397      -3.45281325E-02   1.06431794    
 -0.452064842      0.186094478       1.23179567    
  0.413857251      0.510329247       1.54561174    
  0.151085004      0.217413157       1.25549579    
   2.23375511      0.306781024       1.63970184    
 -0.196966156     -0.190334991      0.297477871    
   1.06206596     -0.831313610      0.820266545    
  0.920499742     -0.802925467      0.546069741    
  0.668797731     -0.566326916      0.826414168    
 -0.904139042     -0.707802236      0.528324306    
 -0.879960001     -0.453792274      0.990021527    
  -1.63661027      -4.38339785E-02   1.00565088    
  -1.40026414       5.22528626E-02   1.33365202    
 -0.465403914      0.383242309      0.953283727    
  0.392300516       1.06764770       1.22144485    
   1.19151390       1.01900351       1.04767156    
  0.553786457      0.666367412      0.854963958    
 -0.860409319     -0.769511640     -0.898260653    
  0.527360857      -1.34691966     -0.503338397    
  0.322838157      -2.00755692     -0.532133877    
  0.306586087      -1.36768472      0.144039050    
  -7.10348934E-02  -1.48050487     -0.516830385    
 -0.731917083      -1.20337439       2.77660321E-03
  -1.30679786     -0.646716774      0.209827721    
  -1.61493289     -0.338275492      0.181680381    
 -0.502770782      0.241305649      0.578644812    
   1.21202385       1.72398627       1.29462802    
  0.353313506       1.59177983       1.09930766    
   1.02564168      0.160441279      0.589819074    
   1.55477118     -0.735386670       1.36596203    
  0.473362982     -0.840331256      0.548982799    
  0.348830849     -0.586786568      0.770403087    
  0.804596007      0.191685915      0.924891591    
 -0.650987446      0.724792004      0.645978153    
 -0.919476271      0.274033427      0.543935120    
  -1.32506943      0.396763533       1.13382375    
  -1.78949809      0.308463722       1.32263982    
 -0.783041596      0.538992345       1.58222973    
   2.38424502E-02  0.722679734       1.31028020    
  -7.86337331E-02  0.505249381       1.28374529    
   2.55603099      0.200396940       1.79571295    
   1.28286576       7.30337203E-02   1.40320003    
  0.107255414     -0.732002735      0.578417659    
  0.167036980     -0.189124167      0.540807128    
   1.27820337     -0.135636702       1.01865494    
 -0.375128329       7.75663555E-02   1.01875985    
 -0.763675094      0.121362001      0.889327645    
  -1.25545406      0.537651956       1.40187728    
  -1.48477769      0.608471572       1.54676712    
 -0.383577794      0.952491820       1.69803071    
   1.14933920       2.16992140       2.27891421    
   1.47526753       2.13417864       2.10813498    
   1.67514825       1.06860876       1.82929015    
   1.08257937      0.912873268       1.34682870    
   1.08847547      0.585752904       1.72365069    
  0.880778551      0.378594667       1.84493792    
 -0.313368738      0.888026357       1.82872128    
  -8.72174948E-02  0.845194340       1.68370211    
 -0.797303677      0.852891505       1.87755275    
  -1.22169185       1.02132607       2.18287516    
 -0.967863798       1.21201265       2.77262282    
 -0.641544282       1.15470505       2.54206800    
  0.909892082       1.48420334       2.62686920    
   1.33969295       1.63948417       2.59522223    
 -0.126053572      0.983396769       1.90621519    
  0.312221795      0.561371326       1.61455119    
  0.531386614      0.213110521       1.82751310    
  0.367752790      0.338739455       1.64209890    
  0.164534107      0.955973625       1.51819968    
 -0.965627432      0.248484641       1.43876660    
 -0.592612028      -3.68122943E-02   1.39163482    
  -1.39747846      0.290961087       1.64523304    
  -1.20557106      0.679469645       1.92559421    
   1.64415296E-02   1.28897357       2.08576012    
  0.320852548      0.675884783       2.07687807    
   1.97424376       1.03746188       2.65366840    
   7.19804019E-02  0.185025096       1.69074893    
