   1.30278420     -0.741846561      0.249220327    
 -0.213164374      -1.62015224     -0.602116644    
  -4.41151150E-02  -1.60226250     -0.713545322    
  0.556883395      -1.12956488     -0.117653765    
  0.204810917     -0.863239467     -0.784430087    
 -0.862023652     -0.658485293     -0.750093877    
  -1.34447229      0.639621139     -0.319269419    
  -1.13054335      0.383230120      -5.36649581E-03
 -0.414544791      0.651854217      0.250084370    
  0.523940861      0.776640594      0.311974376    
   1.31481171      0.950070739      0.444944113    
  0.908472955     -0.369147986      -2.26339269E-02
 -0.509169400     -0.906240344     -0.612592399    
  0.442850679      -1.21837234      -1.11221743    
   1.22890806     -0.330363303     -0.435013831    
  -4.47448269E-02 -0.499006063     -0.655975640    
 -0.379130304     -0.237484545     -0.444542289    
 -0.604331732      0.332144082     -0.527627289    
  -1.54606152      0.869640946     -0.450947672    
  -1.78189313      0.167982638     -0.326107740    
 -0.471246570      0.278037697      0.149507657    
  0.168302745     -0.190165028      0.192122936    
   1.05775797     -0.342623681      0.188343599    
   2.09632969       4.88037169E-02  0.799591422    
  0.821150005       2.98507642E-02  0.301304519    
  0.764928520     -0.737076879      0.186714336    
   6.38345554E-02 -0.826625109     -0.484067440    
   1.15808606     -0.361539751      0.103718996    
  0.218249246      0.286597133     -0.167558610    
 -0.467386454      0.812313318     -0.345573783    
  -1.40224934      0.908869803       7.52572566E-02
  -1.22111964      0.498475790      0.463760257    
 -0.772663891      0.494392186      0.551342249    
  0.673124492      0.635734379      0.841851532    
   1.51829731       1.18697309       1.11371124    
   1.14639246      0.533726275      0.601670861    
  0.845593154     -0.382266641      0.127499819    
   1.25370622     -0.822456777      -5.17757460E-02
   1.36853349     -0.379597515      0.279671043    
 -0.538309515     -0.594436407     -0.532561779    
   9.16528702E-02 -0.100109801      0.246811211    
 -0.785590768      0.444171220       4.45136316E-02
  -1.85110283      0.705884039      0.164156377    
  -1.28546596      -1.73594188E-02  0.413290650    
 -0.837085068      0.225676537      0.187900573    
  0.186763048      0.804434478      0.402978718    
   1.20478439       1.14723313      0.424104184    
  0.323644549      0.914684951      0.238831490    
 -0.657483339       4.88146506E-02 -0.908515811    
 -0.449534029     -0.762853622     -0.982580423    
  0.172026262     -0.662508726     -0.607201219    
 -0.527976036     -0.628726065     -0.568951070    
 -0.637855649      -6.59827329E-03 -0.917703748    
  -1.46524990      0.294279158     -0.724578559    
  -1.74569142       5.62069565E-02 -0.499598533    
  -1.35349226     -0.172722250     -0.166713774    
 -0.540054440      0.646033585      -2.33094282E-02
  0.864511609       1.66557336      0.241614968    
   2.10528088       1.48003459      0.799315870    
  -5.52906189E-03  0.723366499     -0.233317629    
  -1.59670281     -0.647420764      -1.73844993    
 -0.664196372      -1.73827875      -1.76651073    
 -0.505565345      -1.36760831      -1.26419652    
  -3.60141955E-02 -0.934738100      -1.01782191    
 -0.300473630      0.164310396     -0.945722461    
 -0.407654643       1.12800407     -0.754628360    
  -1.85136831      -9.22555625E-02 -0.569248557    
  -1.83020890      -1.10974407     -0.406288505    
   2.08539106E-02 -0.107884780      0.195892200    
   1.04069769       1.15977776      0.809449375    
  0.859109819       1.71901834      0.969481289    
  0.868841827      0.296744645      -5.79037853E-02
   1.80134463     -0.317235082      0.364213258    
   1.15439987     -0.276983976      0.137272641    
  0.395073801      0.196049899      0.390714407    
  0.566693425      0.343036413      0.264373362    
  -1.17717695      0.646893203      0.344617277    
 -0.949068427      0.437567472      0.282627523    
  -1.10609782       1.59120071      0.914367437    
  -1.06847966       1.33137798      0.918768227    
 -0.392774552       1.57638597       1.21307886    
  0.659208477       1.86034274       1.36845374    
  0.635913193       1.73188686       1.37414241    
 -0.365763903      0.704168916     -0.290635616    
  0.349383831       7.59867439E-03 -0.448429614    
  0.399552256     -0.444016784     -0.339961052    
 -0.877994239     -0.978099763     -0.615279794    
 -0.627360225     -0.846063197     -0.386892945    
  -6.59773797E-02   5.40558212E-02 -0.179861367    
   4.41765711E-02  0.862945676       3.50941196E-02
  -1.64167035       1.20630050      0.157278687    
  -1.52786887      0.135875508      0.113126613    
  -1.28153181     -0.884514391     -0.170805231    
  0.994896770      0.364413828      0.162473112    
  0.291414738      0.222751856      0.159343645    
  0.823133528      0.244967058      -2.90164221E-02
  0.847315133     -0.256844759     -0.279313147    
  0.456704348     -0.892275691     -0.621331871    
  0.435122877     -0.514102280     -0.682152748    
 -0.652998447     -0.631172419      -1.22126365    
  -8.47726390E-02  0.144987077     -0.806355596    
 -0.302907139      0.438066304     -0.273700446    
  -1.51916981      0.856792927     -0.108190313    
  -1.05524170      0.436494648       1.51466439E-02
  -2.94255149E-02  0.801209152      0.205225676    
  0.452003658       1.17901361      0.169121042    
 -0.464861214      0.626579046     -0.276776820    
  0.744797528       1.01406767E-03 -0.169085354    
   1.15274429       5.20085543E-02 -0.711434603    
   1.14690042     -0.178680912     -0.717742026    
 -0.747366488     -0.375914365      -1.39549851    
 -0.749462128     -0.371155620      -1.11195290    
  -1.24403572     -0.682477117      -1.32062483    
  -1.24750960     -0.374547690      -1.43166625    
  -2.09865785     -0.854878187      -1.17645061    
  -1.17989969     -0.917791426     -0.843660176    
  0.530737519      0.844128013      -7.44417086E-02
   1.01665771       1.76968896      0.307006031    
  0.722773612       1.46344733       7.34824613E-02
  0.425844371       1.04188073     -0.480085820    
 -0.952817321       4.45930138E-02  -1.84658623    
 -0.783659995      -1.13774979      -2.56942558    
  0.709245563      -1.63621736      -1.67078245    
  0.626347184     -0.556772351      -1.59586298    
  -1.05274034     -0.274797320      -1.37660360    
 -0.567479849       3.92657407E-02  -1.19726133    
  -1.20369279      0.583216012     -0.823470175    
  -1.16491508       1.12480879     -0.441076905    
 -0.425125539       1.48011243     -0.260331333    
   1.06962633       1.13674390     -0.286977082    
   1.52301407       1.19860613      0.376585573    
 -0.123794712      0.528508306     -0.261513919    
 -0.652901709     -0.351310223      -2.17772627    
   1.47291028     -0.399180502      -5.70443049E-02
  0.499788702     -0.268061012     -0.572216034    
   1.35379851      0.292155355     -0.341669023    
   1.36427991E-02  0.773795187     -0.815015376    
 -0.772111356     -0.195264071     -0.887638390    
  -1.54256105       5.18090203E-02 -0.558856964    
  -1.69259155      -1.40578759     -0.663439095    
 -0.280702353      -6.32753670E-02 -0.397735775    
  0.298483700      0.296320975      0.132281423    
  0.870591164      0.263526410     -0.134042487    
   1.72382009     -0.393544376      0.317815900    
 -0.257452190      -1.16661108      -1.22572577    
  0.525505543      -1.73458469      -1.15356231    
  0.676135242      -1.72212338      -1.29274154    
  0.641282618     -0.384192258      -1.03798997    
 -0.136203140      0.568941176     -0.841866195    
 -0.409738362       1.04014516     -0.747163951    
 -0.883875728       1.96567190     -0.266938090    
  -1.30736351       1.61335850       7.79363811E-02
 -0.786154389       1.22823966      0.263069957    
   7.31916949E-02  0.593169451       5.17812371E-02
 -0.527401984      0.136367515     -0.225079790    
   1.10871804       9.00880247E-02  -3.18236947E-02
 -0.617763340     -0.279042184      -1.31413150    
  0.394952923     -0.690198839      -1.21191180    
   1.11018133     -0.412852645     -0.867595673    
  0.987920403      0.390964091     -0.512255490    
  0.522394538       1.51867712     -0.637015760    
 -0.459473401       2.39169383      -6.57791644E-02
  -1.62592256       2.33657598      -9.11425576E-02
  -1.30586898       1.35074091      0.131654426    
 -0.479923606       2.16862059      0.195516914    
  0.116009228       1.79595768      0.157952368    
  0.979423940       1.60283923      0.652243912    
  0.389218807       1.06931388      0.103505731    
  0.305019379      0.511571169     -0.548333585    
 -0.350461781       7.13496432E-02 -0.954992771    
 -0.179893002     -0.183743060      -1.55381429    
 -0.125893846      0.218446866      -1.15032661    
 -0.431935281       1.06472325     -0.871098638    
 -0.722660303       1.36592329     -0.947882593    
  -1.90976954       1.36726809     -0.583709598    
  -1.29945099      0.689844847     -0.366087824    
  -1.27574217      0.519234121     -0.366974771    
 -0.271882296      0.470614880     -0.854743779    
   1.54974329      0.681924999       6.37013912E-02
 -0.167490989       5.27096540E-02  -1.61078262    
  0.701008022     -0.547413409      -1.22014689    
  0.493366331     -0.855989337      -1.47178185    
   1.31425941     -0.155494034     -0.861078620    
  0.307357937       1.52561162E-02 -0.965538144    
  0.735846996       1.07980990     -0.889941275    
 -0.220141590       1.83913481     -0.810605407    
  -1.28426564       2.03066659     -0.552554131    
  -1.60005462       1.17508173     -0.371729821    
 -0.123968013       1.70977283      0.192603469    
  0.260835528       1.52316248     -0.179490656    
 -0.203149259       1.14931595     -0.163047925    
   1.75604320      0.773471236     -0.151990920    
  -1.35345483     -0.357577771      -1.86290169    
  0.964506865     -0.361591667     -0.848414361    
  0.141133651     -0.332183719      -1.11169112    
  0.846295118     -0.292886525     -0.381149352    
  0.183346227      0.348934948     -0.494296998    
 -0.712544143      0.616087139     -0.581474423    
  -1.19055390      0.483244270      -4.44431528E-02
  -1.69747746     -0.177288279      -9.77145284E-02
  -1.07850671     -0.442499787     -0.354089856    
  0.792578757      0.172491282      -3.57751139E-02
   1.65134895      0.920828164      0.338333637    
   1.96040845      0.795373499      0.480106860    
  0.887536883      0.326360345      -2.67684069E-02
  0.815162182     -0.262799352      0.201233983    
  0.979953170      0.240044311      0.626975656    
  0.137161970      0.661172152      0.904846311    
  0.376030684       1.55586553       1.12097883    
 -0.745484293       1.69080627      0.880645335    
  -1.25602758       1.67436385       1.15433025    
  -1.51502442       1.11880374       1.38950872    
 -0.968183517      0.343475133       1.18330550    
  0.642600000       1.58901262       1.60412920    
   1.29443192       2.14833379       1.69300723    
  0.998608649       1.32663012      0.911799014    
  0.804874480      0.547735989      0.704705179    
  0.757253408       8.11527520E-02  0.479108274    
  0.859964728      0.436274618      0.730586648    
   1.11141336       1.07672811       1.08954048    
  0.518605769       1.52717090      0.866411269    
  -1.20172441       1.63161576      0.666093528    
 -0.746189475       1.70933008       1.48713899    
 -0.976418376       1.45213544       1.73974872    
  0.205528006       2.07265735       1.75534487    
  0.553911626       1.45850539       1.29884398    
   1.25460339       1.05917871       1.29168165    
   1.01320589      0.309251010       1.03450346    
   5.78508293E-03 -0.838934660      0.489529133    
   1.50341260      -1.61881018      0.622940958    
   1.03375721     -0.974740446      0.944702804    
  0.118709832     -0.280076742      0.706232846    
  0.209811345      0.590436161      0.550403118    
 -0.700933158     -0.132859275      0.148335144    
  -1.36124086     -0.152369827      0.465243071    
  -1.42635918     -0.776141763      0.793830395    
  -1.36209476      -1.19801986      0.611214876    
   1.11137438       4.43251468E-02   1.02995443    
   1.13674462      0.967693925       1.14414918    
 -0.178399697      0.232716233      0.169675723    
  0.346943021     -0.950125396     -0.110905141    
  0.874131203      -1.50656295     -0.159723505    
  0.306610852      -1.60585141     -0.584198415    
  0.294870883      -1.03136694     -0.505884886    
  -7.93085247E-02 -0.677868724     -0.541709423    
  -1.06190729      -6.14317283E-02 -0.675762892    
  -1.59971201       1.05489552     -0.309575319    
  -1.42159677      0.189193323       7.77588114E-02
 -0.147074267      0.636913776      0.284908473    
  0.633105099      0.392820030      -3.64780761E-02
  0.363617867      0.292960346     -0.325320572    
  0.849611998       6.85288385E-02 -0.260077804    
  0.464098960     -0.866490781     -0.505310118    
  0.131408647     -0.918053806     -0.241771489    
   9.21768546E-02 -0.979302406     -0.546402276    
  -4.57945429E-02 -0.931002975     -0.665658772    
  0.480069548     -0.711349368     -0.358362556    
  -1.22986424     -0.505421162     -0.547423780    
  -1.62415504     -0.786938429     -0.548625588    
  -1.62170231     -0.707323134     -0.360247195    
 -0.266280413     -0.785297036      -3.79856005E-02
  0.957998872      0.432546347      0.526038349    
  0.861982286      0.450758576      0.253069222    
  0.687585413     -0.478760213     -0.333157510    
 -0.997262120      -1.12030697      -2.08384418    
   1.31313400E-02  -1.87308288      -1.93085563    
   1.24091160      -1.45924616      -1.06211495    
   1.86244369     -0.921549737     -0.115294077    
  0.593651354     -0.209791750     -0.534768581    
  -1.18725121      0.600488007     -0.784634233    
  -1.75931966      -7.47225806E-02 -0.556593418    
  -1.69049501     -0.844923377     -0.610319674    
 -0.518427849     -0.679359794     -0.132048011    
   1.34162188      0.483144492      0.678010046    
   1.52006531      0.752718389      0.829656780    
 -0.553655624       1.74113514E-03 -0.682652473    
  0.784722209      -1.33244944      -1.12529373    
   2.22208109E-02  -2.05462289      -1.37681329    
   1.36787701      -1.90792608     -0.396199882    
  0.374945730      -1.42450953     -0.961367965    
 -0.185779735      -1.19529748     -0.938732207    
 -0.322140455     -0.741156399     -0.692592859    
  -1.85227537     -0.286997557     -0.729068160    
  -1.41632414      -1.49404979     -0.552324355    
 -0.135804102     -0.524218321     -0.238167882    
 -0.226887271     -0.316968590     -0.427918315    
   1.50140929     -0.240342245      0.413320869    
   1.28868997      -8.51844177E-02   6.48775743E-03
  -2.51430608E-02 -0.684520304      -1.18675804    
  -1.33342075      -1.30100107      -1.89120877    
  0.272193640      -1.17598093      -1.39943254    
 -0.109917447     -0.702699721      -1.46491969    
  -6.24131858E-02  0.160673693      -1.55313051    
 -0.439388722      0.205534577      -1.36349726    
  -1.06419718      0.913832188     -0.806277812    
  -1.51187122      0.436288297     -0.274870217    
 -0.559146523      -5.77335246E-02 -0.448352754    
 -0.266376823      0.198485300     -0.499743134    
   1.07444155      0.105662577     -0.416747808    
   1.68847227     -0.314606994      0.105053529    
  0.813815117     -0.896066844     -0.756366551    
  0.909935117      -1.94038165      -1.05251598    
  0.623670757      -2.75664616      -1.28413022    
  0.335304707      -2.20047235      -1.78291595    
   1.06200632E-02  -1.73937070      -2.05763698    
 -0.179802418     -0.916711748      -1.70702708    
 -0.989632189     -0.254692256      -1.11145043    
  -1.69648337     -0.715788305     -0.884792626    
 -0.717655540     -0.586722910     -0.916053414    
  0.491473973       3.65693048E-02 -0.574186683    
   2.00853181      0.592197776      0.168286279    
 -0.242230758     -0.365391016     -0.901881576    
  0.146880865      -1.32563663      -1.31647563    
   1.39980888     -0.928418636     -0.678862154    
  0.758313894      -1.13962209     -0.833410501    
   1.04369509     -0.555070877     -0.359032571    
  0.218412951     -0.247239828     -0.528020918    
 -0.366875380      0.160344332     -0.594408751    
  -1.81732035      0.266699821     -0.741784632    
  -1.77345014     -0.693358541     -0.291612267    
 -0.474629611     -0.307915777     -0.238122120    
  0.180907473       5.91835603E-02  0.382946104    
   1.88255537      0.233208239      0.753699303    
   7.53059834E-02  -5.98860271E-02 -0.202037632    
  0.289971232      -1.32092297      -1.01998937    
  -4.99004908E-02  -1.60710192      -1.26809573    
   1.43153453     -0.771585286      -7.89533034E-02
  0.622399986      -6.07388280E-02 -0.441809148    
  -6.09303601E-02  0.680915058     -0.402937531    
 -0.308124244      0.990670383     -0.521268606    
  -1.78825486      0.199499369     -0.147932410    
  -1.64525938      0.338859886       9.47873443E-02
  -1.11012220     -0.524684370       8.24305862E-02
  0.352182269     -0.154306397      0.468951017    
 -0.472580552      0.189200163      -4.49932590E-02
  0.858759165     -0.905347884      -5.09904064E-02
   1.38542688      -1.39797163     -0.320683599    
 -0.392444253      -2.09108543      -1.61194324    
  0.531576931      -2.47346425      -1.00559139    
  0.341846198      -1.40757787      -1.27135789    
  -9.82211679E-02 -0.756886721     -0.895322442    
  -1.04482174E-02  0.238621607     -0.798082948    
  -1.57452035      0.382850200     -0.499451160    
  -1.38272989     -0.238618881     -0.324859262    
  -1.20865679     -0.600278914     -0.272822648    
  0.131335542      -1.08078980       3.30685265E-02
  0.750008821      -1.29204249      -9.18620005E-02
   1.69193661      -1.04427660      0.142337993    
   1.51241493      -1.67111933      0.252746105    
  0.577039123      -2.03435922     -0.729112983    
  0.477490991      -2.10824823     -0.792868435    
   1.17871284      -1.87068295     -0.223840445    
   1.96836125E-02  -1.42972887     -0.741046906    
 -0.124050736     -0.182854727     -0.352864265    
  -1.30647361      0.420056373     -0.452405751    
  -1.86775947     -0.154128730     -0.501064837    
 -0.393781155      -6.16285317E-02 -0.212831944    
  0.579790711      -8.15887153E-02 -0.312291980    
   1.50936198     -0.207420588      0.377231807    
   1.84298193     -0.142968521      0.354282081    
   1.30256748     -0.536612630      0.203873754    
  0.731309116      -1.26533377     -0.446733534    
   1.31503189     -0.929928780     -0.280478358    
   1.29495907     -0.147589222     -0.341188490    
  0.668203831      0.337848544       2.69752685E-02
 -0.241612405       1.30407882       9.14070830E-02
  -1.07046688       1.54349029      0.350545764    
  -1.22719014       1.21782839      0.514735997    
 -0.355928808       1.61571467      0.844535232    
  0.394272834       1.31303322       1.12160492    
   1.91181934       1.41221774       1.32444167    
   1.22367346       1.22824788      0.729548693    
   1.59852135       1.20420682       1.12456596    
  -1.11992931      0.506633401      0.127342373    
 -0.532809854      0.192869663       4.19406779E-02
 -0.182836518      0.125922069      0.362187654    
 -0.740355730      0.158317566      0.124119550    
 -0.909492970      0.666873872      0.538171768    
  -1.69746029       3.42746675E-02  0.828574896    
  -1.49254763     -0.759394586       1.02884960    
 -0.872619510     -0.224234700       1.06438851    
  -2.06718706E-02  0.278992981      0.995534837    
  0.943733931      0.467813224      0.489625245    
  0.160537362     -0.185521096      -5.74223287E-02
   1.73229003     -0.476349413      0.818489909    
  0.355152309     -0.295834452      0.236716196    
  0.390488148     -0.663388908      0.541633487    
 -0.878058016     -0.748017073       3.48835960E-02
  -7.27652833E-02 -0.239440247      0.201928705    
 -0.869535327      0.503610373      0.460504472    
  -1.37373650      0.780573845      0.543874145    
  -1.25105107      0.921303749      0.904043555    
 -0.410896420      0.261203080      0.850792348    
  0.643204987       1.26727307      0.889468074    
 -0.130871847       1.01087105      0.904518604    
  -8.21687356E-02  0.133028731      0.112254314    
 -0.699064136     -0.811688781     -0.317436963    
  0.136863142      -1.26197314     -0.781604528    
  0.505657673      -1.32378745     -0.145235881    
   1.12740028     -0.351891071      0.297794282    
  0.427518249      0.283437401      0.129641652    
 -0.943768024       1.31309199      -8.98839980E-02
  -1.49562156       1.16301405      0.251338363    
  -1.18411756       1.31277621      0.797271967    
   4.14293706E-02   1.33634853      0.988532722    
 -0.589807272      0.711905599      0.519300699    
   1.20612311     -0.275378138       1.04729509    
   1.96653664     -0.186439499       1.10999143    
   1.35674143     -0.773307264      0.442690611    
 -0.345239133      -1.57746434     -0.915060282    
  0.953665137      -1.55237508     -0.262164712    
 -0.333179921      -1.40784299     -0.748078346    
  -1.22898149      -1.87084556      -1.32685721    
 -0.218923524      -1.41053808     -0.879187226    
  -1.47922921     -0.382000118     -0.651468635    
 -0.938707590      0.786245525     -0.175790042    
 -0.735164523      0.648632944     -0.149494842    
  0.681021512      0.332877964      0.399324775    
   1.24624181      0.278134733      0.346537590    
  0.644349933      0.173790976      0.111436024    
 -0.118878469     -0.483490258      -1.61561823    
  -8.59490559E-02  -1.26205921      -1.45582604    
  0.910885215      -1.50774372     -0.952519596    
   1.13392055      -1.27753127     -0.158596754    
  -5.63004315E-02  -1.30632555     -0.899031281    
 -0.511961758      -1.38013661     -0.958254993    
  -1.60019124     -0.521459043     -0.931046307    
  -1.56299853      -1.03607106     -0.799125493    
  -1.22529721     -0.898297250      -1.23093212    
  0.109175019      -1.17090786      -1.00641608    
  0.382702082      -1.10652685      -1.45260787    
   1.70778370     -0.922768831       3.18511538E-02
  0.129041255      -1.77874446     -0.898789644    
  -5.13358377E-02  -1.94594133      -1.27012956    
  0.720759809      -1.59395039      -1.24498034    
  0.395718366      -1.39479816     -0.849367201    
  0.552923083     -0.732729495      -1.00728106    
  -1.08137095       3.78717408E-02  -1.05119157    
  -1.45537043      0.226737067     -0.536789656    
  -2.04883885     -0.103305072     -0.234017849    
 -0.518388510      0.151266918      0.210734963    
  0.785772800       1.00756919      0.184818715    
  0.756938577       1.31477296       9.40102413E-02
   1.94291925       1.14807224      0.843747139    
  0.626218736     -0.310332060      0.294846982    
 -0.777274609      -1.20588505      -1.60688245    
 -0.747872114      -1.68260479      -1.72764552    
  0.551314712      -1.32951653      -1.01980448    
   1.83175839E-02  -1.41401768      -1.47005188    
 -0.673765838     -0.367876977      -1.18203139    
  -1.49533045     -0.215598717      -1.45525944    
  -1.51490772     -0.474641085      -1.10297644    
  -6.75091371E-02 -0.547882199     -0.656944931    
  0.958055973      0.905457258     -0.374349475    
  0.164178163      0.684044719     -0.427229077    
  0.683593631     -0.495859981     -0.522327662    
  -3.23643647E-02  -1.53986871      -1.20887387    
 -0.111746296      -2.04817080      -1.64056790    
 -0.936991155      -2.34413505      -1.99141300    
  0.768551528      -2.08634996      -1.18043315    
 -0.758257687      -1.94802403      -2.30429173    
 -0.999464393      -1.11252248      -1.76346731    
  -1.47348070      0.564979196      -1.53862000    
  -1.93737972     -0.345015347      -1.46103609    
 -0.611026168     -0.112568349      -1.24160278    
  0.184217110      -3.24146338E-02  -1.25094819    
  0.213760883     -0.937651813      -1.13728702    
   9.99035016E-02  -1.28491807      -1.82341588    
 -0.243968144      -2.25666690      -2.65130973    
  0.638390958      -2.41868687      -2.12465358    
  0.342342526      -2.04510403      -2.14088130    
  0.264548272      -2.05704045      -1.84058547    
 -0.816390753      -2.04615498      -2.13238263    
 -0.450130820      -1.93988562      -2.09622025    
  -1.24490869     -0.950569570      -1.63818252    
  -1.65794146      -1.50334716      -1.67955303    
 -0.113120764     -0.950255275      -1.14316249    
  -4.68570739E-02 -0.396247655      -1.19115710    
   1.28841150     -0.542530298     -0.565793216    
   1.76232052     -0.584370852     -0.545440257    
  0.462383121      -1.37045646      -1.30222881    
   1.77370834      -2.27853775     -0.645865977    
  0.568113387      -2.17978096      -1.62524462    
   1.10044909      -1.07556236      -1.56431019    
  0.306641728       8.15518200E-02  -1.73235846    
 -0.856803060      0.560622275      -1.73731399    
  -1.18817973      0.246504560      -1.19965577    
  -1.20385385     -0.570316076      -1.06623566    
 -0.343799114      0.821229458     -0.754880071    
  0.753171623       1.47098041     -0.258249909    
   1.82151937       1.19025719      0.446589857    
   1.21874118       1.05258048      0.514056861    
  0.949356496      0.115001015     -0.128284246    
   2.43168736      0.262285471      0.944398940    
   1.75277758      0.470397592      0.912005007    
  0.507851183      0.907145083      0.573290586    
 -0.215497971       1.27914250      0.251927823    
 -0.294982433       1.83626342      0.805432975    
  -1.72927070       1.31079590      0.832147360    
 -0.955274105      0.691338599       1.26674020    
 -0.103698961       1.36911714       1.49991596    
  0.831681550       1.83168650       1.57632101    
   1.57224286       2.28830528       2.33125687    
   1.10124016       2.21000743       1.74833167    
  0.489348054       1.74625325       1.43325436    
   1.38073170       1.03407300       1.57375896    
   1.74520528      0.734152198       1.82731152    
  0.665542006      0.659656525       1.35055923    
 -0.220686838      0.862940192       1.05811226    
 -0.431722075       1.17892206       1.02654576    
  -1.81810868      0.607145011       1.56629729    
  -1.93454528     -0.190011963       1.70878637    
  -1.15205896     -0.660498381       1.64731097    
  0.826548874      0.154059023       2.19194937    
   1.54600060       1.21141863       2.64671850    
   1.27156949      0.812544286       2.48007631    
   1.80315399      -2.09920220E-02   2.18617010    
  0.910352468      -6.82924017E-02   1.82938933    
  0.634989560      -3.58121693E-02   1.22393179    
  0.431281984      0.467533052       1.66157985    
   1.89708900E-02   1.14345157       1.10157144    
  -1.01220596       1.36820698       1.26427245    
  -1.82050192      0.753393531       1.48682415    
  -1.31610310      0.194315597       1.98403001    
   6.02400638E-02   1.56769538       1.79788685    
  0.701310635       2.11371756       1.82903409    
   1.65877509       1.98737180       2.64974999    
   1.74698603       1.49109364       2.84402394    
  0.551067412      0.280956894       1.49318290    
   1.50931013      0.212818921       1.73986137    
  -6.25489140E-03  -2.36050915E-02   1.49956620    
  -1.24000204     -0.361707836      0.874546587    
 -0.334572762     -0.350175887      0.958270550    
 -0.358067840      0.442658335       1.08909655    
  -1.37587619      0.851140380       1.28312516    
  -1.49141002      0.393410444       1.36700106    
 -0.693156719       7.20042735E-02   1.40009892    
   1.74627248E-02 -0.356764615       1.73105419    
   1.23136461     -0.309740275       2.41305685    
   1.98036122     -0.816048443       2.71361160    
  0.217536822      -1.46982145       1.08435071    
 -0.136121869      -1.97031713      0.558853328    
   4.07245122E-02  -1.78309321      0.661508739    
  0.599218011     -0.902663767      0.641408384    
 -0.104541592     -0.301820457      0.235758781    
 -0.486511141      0.622994304      -1.95905007E-02
  -1.87718010     -0.181037053      0.425500065    
  -1.36675751     -0.884385943      0.679285049    
 -0.453470170      0.203487307       1.00087941    
  0.410520405      0.281232953       1.32520783    
  0.148334280       7.21272752E-02  0.820392847    
   2.22635865      0.218530223       1.30458391    
 -0.198940501     -0.219631761      -6.63850978E-02
   1.05728316     -0.806294560      0.456731528    
  0.916032732     -0.893843293      0.437358886    
  0.664892197     -0.475974947      0.655388892    
 -0.904535949     -0.726274729      0.139946282    
 -0.880410850     -0.250286132      0.417859912    
  -1.63537335     -0.146084517      0.649602294    
  -1.39955425     -0.372294039      0.903789103    
 -0.466779470      0.170966074      0.634670734    
  0.389011711      0.814446688      0.984352469    
   1.18644238       1.19032550      0.909442127    
  0.550137460      0.533241093      0.514530957    
 -0.860903740     -0.980151117      -1.12865376    
  0.523770750      -1.69720364     -0.514409244    
  0.319704324      -2.17404914     -0.615039051    
  0.303488493      -1.35462368     -0.443898827    
  -7.32901394E-02  -1.49476719     -0.884109795    
 -0.732698143     -0.169870004     -0.504831374    
  -1.30629659      0.345407575     -0.379994214    
  -1.61374426      0.142308414     -0.170722857    
 -0.504063010      0.130535930      0.172578201    
   1.20690656       1.50483143       1.06332767    
  0.350111693       1.58590353      0.529095471    
   1.02094007      -7.21600722E-04  0.149201944    
   1.54888940      -1.04670513      0.822742462    
  0.469893366     -0.881284952      -7.65890405E-02
  0.345639050     -0.515809238      0.120720066    
  0.800387561      0.419065535      0.340770185    
 -0.651948988      0.694496989      -8.45229924E-02
 -0.919838965      -8.10365826E-02 -0.111399412    
  -1.32452738      0.280061722      0.487123668    
  -1.78792000     -0.312264532      0.740055621    
 -0.783708632       4.83062491E-02   1.00212061    
   2.13755630E-02  0.266945809      0.756640196    
  -8.08720291E-02  0.285611749      0.742811620    
   2.54791570      0.149467021       1.69962955    
   1.27759051      -1.08472444E-02  0.687413037    
  0.104602464     -0.865400195      0.307222962    
  0.164250687     -0.223861605       3.57851833E-02
   1.27293837       5.00063831E-03  0.735611737    
 -0.376705229      0.209014118      0.411016107    
 -0.764385283      0.217563987      0.565316379    
  -1.25506735      0.135117009      0.878317714    
  -1.48387945     -0.169267312       1.07243693    
 -0.385135859      0.463359237       1.44339335    
   1.14436173       1.99914289       2.09057999    
   1.46956313       2.21734381       2.05149984    
   1.66899788       1.13162982       1.81781602    
   1.07775080      0.899300396       1.25309002    
   1.08363378      0.635287464       1.31551552    
  0.876400113      0.477373064       1.55935013    
 -0.315083414       1.27002823       1.41183782    
  -8.94366428E-02   1.19084620       1.26596034    
 -0.797938883      0.838910043       1.28200853    
  -1.22138035      0.656316400       1.74586213    
 -0.968118548      0.291001886       2.35853505    
 -0.642526925      0.548711777       2.15162992    
  0.905448735       1.12944734       2.14006948    
   1.33429086       1.53956389       2.59206152    
 -0.128186092      0.898940980       1.56409240    
  0.309111625      0.440064400       1.21600974    
  0.527787566       6.97561055E-02   1.28644693    
  0.364518762      0.125643268       1.06393909    
  0.161753386      0.939647198      0.868804812    
 -0.965887189      -9.12551582E-02  0.798395991    
 -0.593703806       1.69630833E-02  0.846701801    
  -1.39677489      0.720246375       1.19802463    
  -1.20529556      0.900053442       1.63784027    
   1.39911510E-02   1.24631250       1.89671624    
  0.317723155      0.466957688       1.83087575    
   1.96742618      0.862573922       2.53002691    
   6.94061369E-02  0.285726547       1.74605441    
  0.269775569      -1.06016815       1.40440273    
  0.604441524      -1.61679018       1.11695790    
   2.19390368      -1.18945086       1.73543668    
   1.42082822     -0.407116741       1.28618789    
 -0.245126501      0.456853896       1.16253424    
 -0.339431912       1.10080326      0.988641620    
  -1.53741980       1.88042188      0.852871954    
  -1.63577175      0.861179948       1.17581177    
 -0.467679173      0.694387674       1.57099104    
   1.36643350       1.41946936       2.25596857    
  0.254669756       1.73863959       1.76956236    
 -0.378592908       1.02059495       1.72716868    
