 -0.122955792     -0.985870421     -0.897214592    
 -0.410123467      -1.85360551      -1.43656027    
  -8.55365172E-02  -2.28459573      -1.52858603    
 -0.378122807      -2.07013059      -1.47202504    
 -0.932394326      -2.18994904      -1.54893982    
 -0.420353085      -1.01405239      -1.25338161    
 -0.343146920      -8.59241933E-03 -0.794171989    
 -0.180436745      0.155416161     -0.196028933    
   4.62989733E-02  0.526330352      0.338162780    
  0.152594358       1.55764771      0.640132248    
  0.359541684      0.805768371     -0.192957789    
   1.60031688      0.706786156       9.83920041E-03
  0.332242817      0.150523379     -0.295935720    
   1.49151242     -0.373377264     -0.472186983    
   2.01328325     -0.318321705     -0.120522708    
  0.359759152     -0.433757842      0.217483059    
 -0.893056512     -0.659326792      0.369525373    
 -0.557701647       1.01337147      0.666137695    
  -1.00246239       9.04131494E-03  0.972074270    
  -1.16729355      -1.17818773       1.06256437    
 -0.378367275     -0.224561036       1.07532704    
  0.934974492       1.91258013       1.52875924    
  0.660717547       1.39246094       1.00258243    
   2.32103515       1.45028996       1.35405970    
  0.781730235      0.570322096      0.898542345    
 -0.380978733     -0.395803660      0.269865662    
   1.25690341     -0.680114448      0.373771876    
  0.120616399     -0.398383558      0.458526164    
 -0.295598656     -0.147861704      0.583112955    
 -0.822790325      0.927393913       1.23461306    
 -0.717444539      0.196415812       1.43477988    
 -0.595197916      -7.97464624E-02   1.41163087    
 -0.260187805       1.18666506       1.41765773    
  0.266019285       2.53041005       1.63021767    
   1.83523476       2.52592278       1.75503075    
   1.06519997       1.98921943       1.49764824    
   2.17173290       1.64478004       1.42067349    
   2.03680921       1.28609455       1.40323949    
 -0.455012441      0.553826451      0.849152386    
   1.09904230      0.444633096       1.05001664    
 -0.837976575      0.180746198       1.19226825    
 -0.463276237      0.517694533       1.01068521    
 -0.832077324     -0.194071203      0.913387716    
 -0.515027881     -0.393065244      0.913805664    
   4.70292866E-02   1.18453574       1.10412419    
   7.61209652E-02   1.88561976       1.30561185    
 -0.634714246       1.24198592      0.831873119    
  0.594777107      -5.64773455E-02  0.515494704    
   2.20120287     -0.273966193       7.79631436E-02
 -0.581724405     -0.344784826     -0.289721876    
 -0.269725442      -1.31161308     -0.567944288    
  0.335567415     -0.779024899     -0.727022529    
 -0.884250700     -0.859025061     -0.559952378    
 -0.369149864      0.632379711     -0.247049153    
  -1.20825613      0.500392914      -2.28326730E-02
 -0.466730267       9.46718082E-02   8.70195478E-02
 -0.174835637       1.00618255      0.216039851    
 -0.152603567       1.40520024      0.122189894    
 -0.950917780      0.694043577     -0.490193546    
 -0.185832962       5.83897391E-03 -0.913226068    
 -0.707354486      -1.21925747      -1.49940443    
   1.08515275      -1.71044469      -1.53123808    
   1.88990676      -1.18950868     -0.979588151    
  0.209343776     -0.924740613      -1.06537926    
 -0.328317970     -0.304138958      -1.15757930    
 -0.718635559      0.382318467     -0.939859569    
  -1.19356346      0.572833538     -0.768141150    
 -0.687153578      0.619810641     -0.785958409    
 -0.585347712      0.612965405     -0.903257549    
  0.622710884       1.65075922     -0.589576185    
  0.663530529       1.25034642     -0.742071092    
  0.846862435      0.751915991     -0.915980875    
  0.107534252     -0.525250673      -1.41540635    
  0.811272800      -1.31604195      -1.68626380    
  0.849266231      -1.98235750      -1.74396658    
  -6.81053102E-02  -1.21090043      -1.58093858    
  0.524877429      0.408154130     -0.796148598    
 -0.661199391      0.206536800     -0.481095582    
  -1.16225624     -0.172290608     -0.462183833    
 -0.832257986     -0.121256746     -0.407120317    
 -0.141381711      0.507283151     -0.154489994    
 -0.245445669       1.13359034     -0.193151757    
  -1.40075367E-02  0.970107377     -0.306476921    
 -0.288082331      0.463109553     -0.828273237    
  0.902041733      -5.65958284E-02  -1.09194577    
  -2.06487870      -1.43141305      -2.15844488    
  0.618179917      -1.84671855      -1.91624498    
  0.110106446      -1.23499393      -1.38728809    
 -0.234729290     -0.585537791     -0.889231920    
   8.54402035E-02  0.402024776     -0.640446305    
  -1.07040572       7.82145467E-03 -0.592044652    
 -0.605403602      0.279990405     -0.349860817    
 -0.262099028      0.534705818     -0.162855983    
  0.233926281       1.20319569     -0.124217317    
  0.356198698      0.978299320     -0.197996303    
   1.67793489      0.322300017     -0.260183483    
  0.841147244     -0.416274279     -0.237856507    
   1.71077418      -1.28492975     -0.329522014    
 -0.635909855      -1.89252508      -1.26602292    
  0.858855367      -1.40635836     -0.727177203    
  0.133736879     -0.158628523     -0.168506414    
 -0.411943585      0.434056550       7.38113225E-02
  -1.96814716     -0.990676463       3.00764125E-02
 -0.556111872      -2.05862546      0.227684796    
 -0.414032072     -0.586307049      0.364900202    
 -0.184553921      0.845254481      0.728962183    
  -1.38953876     -0.137240082     -0.440859020    
 -0.222246185     -0.711583853     -0.944595635    
  0.215255603      -1.28791344      -1.37802613    
   2.05906940     -0.835498929     -0.999035656    
   1.18256700      -2.29670759E-02 -0.627249658    
  -1.33633280     -0.434108257     -0.739304781    
 -0.421801120     -0.328339249     -0.815783143    
 -0.738629460      0.312230736     -0.618100882    
 -0.876687467      0.213321969     -0.467411697    
 -0.731051505       3.36504467E-02 -0.416391462    
 -0.493670255      0.413789511     -0.316149861    
  0.689190865       1.50300932       3.22977938E-02
 -0.375570536       1.00565684     -0.494636327    
  -1.20033205     -0.196270630     -0.959872842    
  0.466027260     -0.519765437      -1.44838762    
 -0.164138898     -0.518455505      -1.70890939    
   4.76611406E-02 -0.508606493      -1.66070974    
 -0.208973870      -1.47551317E-02  -1.33342183    
 -0.381901056      0.196702838      -1.08572042    
 -0.183638036       1.14702046     -0.975420177    
  -1.33532906      0.823026657      -1.00168192    
 -0.645912170      0.802490950     -0.615131319    
   8.79893973E-02   1.82414615     -0.400793314    
  0.310440153       1.75876606     -0.368786454    
   1.20000458       1.13933086     -0.519360185    
  0.798996985      0.775909364     -0.712255597    
 -0.174336284     -0.278178126      -1.47012353    
  -1.49050498      -1.21526754      -2.08378839    
 -0.453203976      -2.05442691      -1.98403525    
  0.646630526      -1.27496886      -2.05164313    
 -0.285843253      -1.30930519      -1.75715756    
 -0.576132178     -0.512908578      -1.60103500    
 -0.342999369      0.354505301      -1.43723226    
 -0.736513674       1.08709383     -0.820606887    
 -0.371857017      0.687635541     -0.845670223    
  0.452274591       1.22269845     -0.990050852    
  -1.00736022      0.831712544      -1.59300268    
 -0.591079831     -0.660922110      -2.54607964    
   1.28286123      -1.61904705      -2.51158929    
  0.353556871      -1.58526301      -2.83357430    
  -1.75375986      -1.90998781      -2.92426324    
   7.92041719E-02  -1.44988608      -2.66135597    
 -0.232674852     -0.573552787      -2.39743304    
 -0.628006458      0.465684444      -2.18338466    
  -1.04464972      0.298703820      -1.78670633    
  -1.24407232     -0.557599485      -1.45548820    
  0.200492606       1.19854665     -0.904908597    
 -0.978409290       1.36540878      -1.28378713    
   4.36822996E-02  0.726283908      -1.91630960    
 -0.439318508       6.72274679E-02  -2.18504500    
   1.99676132     -0.745119154      -1.95812571    
  0.237810969     -0.894469380      -2.10201788    
 -0.203466922     -0.932527006      -1.83251595    
  -1.05933344     -0.806586087      -1.75887084    
 -0.749203801     -0.514071643      -1.24409890    
  -1.12087178      -5.58281988E-02  -1.14327538    
  -1.21658254     -0.227778390      -1.06113279    
  -1.02921832      -1.04328728     -0.850436211    
 -0.514939189     -0.186284795     -0.746837139    
  0.244839579      0.552115977     -0.482252449    
  -1.42033100      0.155751586      -1.22261250    
  0.453371137      -7.95996189E-02  -1.52289057    
   2.12254810     -0.258845598      -1.30606556    
   1.72681594     -0.324462712     -0.845194519    
   5.64920716E-02 -0.534999549     -0.536052883    
 -0.165574372     -0.311032563     -0.154409185    
  0.271124721      0.542260289      0.195710272    
  -1.18729115       1.10970879      0.288627326    
  -1.27547276      0.561320782       8.70264769E-02
  -1.08625305      0.686754465      0.431737959    
  -1.03202295      0.623718917      0.463687062    
 -0.996296287      0.313979596     -0.170427620    
  0.374371260      0.665130734     -0.644718170    
   2.63293433       1.19274104       7.45617924E-03
   1.60689735      0.767009854       3.89781059E-03
   8.08896273E-02   5.22954464E-02 -0.556329310    
  0.461359501     -0.166062817     -0.680486619    
  -1.58496213     -0.753900170      -1.25924802    
 -0.855570674     -0.696176231      -1.25430179    
 -0.879779875      0.183786675     -0.372243226    
  -1.24669063     -0.228038713      0.135513574    
 -0.467670381     -0.144001886      0.319832921    
  -1.00388164E-02  0.829181015      0.650904357    
 -0.227990538      0.986489534      0.493153870    
 -0.707507849      0.646947980     -0.587086916    
 -0.567135274     -0.384811580      -1.32560897    
   3.28067279     -0.108095273     -0.673016608    
   1.62861538      0.159638107     -0.118643075    
   1.43574882       7.12107867E-02 -0.109958440    
  -6.76850975E-02   8.27185214E-02 -0.168945149    
 -0.148753241       1.23867345      -8.75206292E-02
 -0.741257489       1.32047582     -0.223692298    
 -0.918771148      0.617349267     -0.234501332    
 -0.214794904      0.415766984     -0.234085694    
  0.158792973       1.32458770     -0.352911204    
  -1.34685087      0.814684570     -0.753404319    
  0.624413192      0.792994082     -0.902564824    
  0.554431021      0.339950442      -1.15027440    
   1.83671498     -0.122062758      -1.35101390    
   1.70538259      -4.04940099E-02  -1.04326010    
  0.183855817      0.118820362     -0.943681180    
 -0.939543486     -0.571870685      -1.28543472    
 -0.933223128     -0.137720689      -1.27322519    
 -0.999317527      0.274104685      -1.24960279    
  -1.22968340       2.62628663E-02  -1.08095431    
 -0.848609209      -2.99207773E-02 -0.835186720    
 -0.133273110     -0.158516705     -0.766411662    
  0.290200889      0.967902958     -0.235140964    
  -8.86669531E-02  0.766899765     -0.345926076    
  -1.73433375     -0.126735270      -1.52226591    
  -1.46001301E-04 -0.853997052      -1.83190060    
   1.49447536      -1.07166111      -1.48727798    
   1.38818920     -0.546655774      -1.10476840    
 -0.944382071     -0.387237936     -0.781758130    
  -3.93237323E-02  0.425258875     -0.377191693    
   7.31647462E-02   2.49182343       4.22501415E-02
  -1.13537669       3.16871548       9.85282511E-02
  -1.38724732      0.800415039     -0.550101638    
  -1.33631432     -0.793050826     -0.731559932    
   1.36663842       1.83320081      0.315771163    
   1.10062897       2.68959594      0.335627347    
  0.913334429       2.03054953     -0.106522456    
  0.456202537      0.586914480     -0.736270547    
   2.23332334      0.265240282     -0.135070220    
  0.964357615       4.70221788E-02  0.264771730    
 -0.430953801     -0.367126107       1.25362640E-02
 -0.617428422      0.383813649      0.175299883    
  -1.50784230       8.92717168E-02  0.248794854    
  -1.01403356     -0.275481433       1.67042427E-02
 -0.650297165     -0.674018502     -0.176237389    
 -0.240904897      0.687468648       8.66200700E-02
  0.709171534       1.35954976      0.421653986    
 -0.245750248      0.977877080      0.242075279    
  0.757607162       3.09837740E-02  -8.40915665E-02
   1.25689268     -0.428245932     -0.751610100    
  0.473704576     -0.807505548     -0.537634611    
   2.05128169     -0.910904944     -0.282623589    
 -0.311931163     -0.403716892     -0.237863436    
 -0.330563515     -0.363181174     -0.617682934    
  -1.06502116       6.49980083E-02 -0.494192958    
  -1.19439518     -0.508372903     -0.351800501    
 -0.996636450       5.83313331E-02   3.13625969E-02
 -0.323014081       1.30038238       9.61059704E-02
 -0.795261681      0.646884561     -0.307227373    
   1.26608860      0.977902114     -0.220415652    
   1.90335846      0.907776058      0.706104100    
 -0.413118660     -0.381719381      -2.08514389E-02
   1.17904699      -1.30719256      -8.79316553E-02
 -0.516730785      -1.28606951     -0.467931241    
  -1.28098154      -1.88180578     -0.581498861    
 -0.454952925      -1.88523424     -0.242024481    
  -1.10384929      -1.16703379      0.175004303    
  -1.14493680      -1.58915877      -5.86057082E-03
 -0.666567981     -0.905027628     -0.107933335    
 -0.272286892     -0.192384094       2.19782945E-02
  0.875815749       1.57791805      0.380168170    
  0.639397323       1.53583372      0.159013584    
   1.72332966       1.04054224      0.131929800    
  0.485677302      0.433777869     -0.533390462    
   1.40608513       3.72132361E-02 -0.574220479    
  -5.79766259E-02   8.40551928E-02 -0.888215899    
  -1.20307803     -0.321083486      -1.10002542    
 -0.327257007     -0.195868447     -0.828497171    
 -0.642541587       4.00184132E-02 -0.319544256    
 -0.719428122      0.438371927     -0.189826608    
 -0.458471686       1.03482509      0.278905898    
  0.187519029       1.80155623      0.477040768    
  0.299634546       2.18357110      0.654732883    
   7.27331862E-02   1.08203077      0.261354208    
  0.587709844      -6.84056059E-02 -0.203316540    
 -0.523527503     -0.281483918     -0.817207873    
  -4.33924422E-03 -0.693708122      -1.09661257    
  0.737501323      -1.24736607     -0.488803476    
  -1.20120943      -1.57770276     -0.461359471    
 -0.367614716      -1.00263476     -0.510370731    
  -1.18567181      0.352454424       3.53319906E-02
  -1.00783467     -0.548334539       5.60956821E-02
  -1.22795415      -1.69346178     -0.287595153    
  -7.57805035E-02 -0.715255141      0.293118596    
 -0.241096303      0.121333510      0.516739309    
 -0.134166598     -0.324868232     -0.507488966    
   1.03315270      -1.00421846     -0.610298336    
  0.849087715      -1.23668933     -0.671072304    
   2.84356761     -0.917593300     -0.463654727    
   1.09023464     -0.260686249     -0.116172306    
 -0.878422022     -0.838621140     -0.253898025    
 -0.305845410     -0.752391577     -0.222715542    
   1.30174262E-02  0.854804754      0.111715689    
  -1.10358810      0.211988628      0.378279299    
 -0.316513330     -0.420027316      0.507440448    
  0.303616762      0.155818328      0.651687145    
   1.28409672       2.38370132       1.20559192    
   1.42757463       1.95271206      0.910785317    
   1.49439538       1.53187203       1.03759575    
   1.21907401      0.755263507      0.260116518    
  -1.18473446     -0.265173525     -0.657076657    
 -0.377309680      -1.09535909     -0.885294855    
  -1.25066972      -1.32506657     -0.774729133    
 -0.461687386      -1.06738245     -0.589629292    
 -0.927558541     -0.831303656     -0.572015226    
  -1.54383397      -2.23037863     -0.504029870    
  -1.09187770      -2.18745589     -0.246889815    
  0.144214928      0.125361890      0.102857865    
  -6.94055185E-02  0.575495183     -0.206013605    
 -0.423034757     -0.268427581     -0.890273333    
   1.34635460     -0.925211191     -0.746167481    
   2.38413024     -0.561077178     -0.609915018    
  0.377561808     -0.486790866     -0.410251498    
 -0.787632227      -1.33873701     -0.745421648    
 -0.448113263      -1.26463425     -0.484568506    
  -1.41141033      -1.87287295     -0.211797982    
 -0.833434939      -1.40032578     -0.283831269    
  -1.23538518      -1.73422527      -6.07070141E-02
  -1.20742548      -2.08409643      0.291913241    
 -0.471121639      -1.31475532      0.402164936    
   1.34793270       1.31123257      0.688316882    
   1.59798634       1.80592334       1.06933022    
   1.47567654       1.25708485      0.880912125    
   1.24639440      0.605152309      0.616678417    
  0.857919872     -0.447423279      0.503108501    
  0.814057529     -0.432446182      0.563801706    
  0.270593762     -0.439660221      0.772743285    
 -0.388589203       2.42536850E-02  0.161449715    
 -0.971759796      0.455953926     -0.108291246    
 -0.596157968      0.584798515       2.91412137E-02
 -0.218912691       1.18983567      0.414495677    
 -0.154830083       1.76887703      0.809456110    
  0.152348056       1.46929872      0.343071997    
 -0.195629463      0.457235545       9.88769233E-02
   1.75224710     -0.122438230      0.191500723    
   1.41876245      0.340417683      0.716880798    
  0.695334852      -6.36446476E-02  0.588264585    
   2.24000549      0.275533140       1.18348897    
 -0.621572912      0.174439967       1.46977019    
  0.128958717      0.926050603       1.74336505    
 -0.458583027       1.28784835       1.31999314    
 -0.783810437       1.12680185       1.43036950    
 -0.974360228      0.919494033       1.61538851    
  -1.25860739     -0.903749347       1.03572083    
   1.20549309      0.587830663       1.41829503    
   1.84559655       1.91674042       2.04435086    
   1.90378296       1.82854497       1.73330879    
  0.152890652      0.799991131       1.26825249    
  0.966394246     -0.118731923       1.13554442    
  0.178252861     -0.449661076      0.718190074    
 -0.421680897     -0.676975548      0.587488711    
  -1.54014647      -1.18831718      0.144385248    
 -0.736731112      -1.00771606       2.95891855E-02
  -1.15988779     -0.528459668      0.110096984    
  -1.05221415      -1.21499217      0.150183469    
  0.531953573      0.759210110      0.432922542    
  0.731805146       1.21586823      0.214347258    
  -1.67726651E-02  0.793526411      0.388127714    
   1.00851285     -0.440461218      -1.92489028E-02
   2.70632148      -2.65098419E-02  0.508980632    
  0.401714891       7.64273107E-02  0.870551050    
   7.48477504E-02 -0.899116874      0.667677879    
 -0.510187089      -1.10527825      0.689612269    
 -0.326827288     -0.821791768      0.447934180    
  -1.35643983     -0.271491438      0.714056730    
 -0.314130068     -0.384804904       1.13493943    
 -0.170166358       1.40303421       1.30063331    
 -0.266518921      0.985194623      0.983065724    
  -3.19209136E-03   1.38828075       1.06394529    
 -0.135557294      0.372679740      0.532097340    
  0.353220075     -0.199301079      -6.47364482E-02
   1.76789570     -0.362738967      0.146800607    
   2.47048712     -0.147289321      0.425443262    
   2.21108747      0.363409787      0.903303742    
  0.583029807      0.248352468       1.07238281    
  -1.13490379      -3.93559188E-02   1.31549954    
  -1.23577523      0.686742783       1.45014954    
  -1.23537910      0.198962331       1.36003578    
 -0.659808099      0.233430460       1.72453880    
 -0.617844999      0.521292388       2.05903697    
   6.31455630E-02  0.936693907       1.75217438    
   6.45555779E-02   1.37758565      0.846175909    
   1.54245090      0.183761641      0.685853004    
   2.77485919      0.481861353       1.35372949    
   3.27736807      0.878901601       1.65463912    
  0.722136199      0.523974061       1.12024188    
 -0.668145180      -7.54711181E-02   1.19421482    
  -1.05422854      -1.08676672       1.44014168    
 -0.323548377      0.830117166       1.75299418    
 -0.350120634       2.11391878       2.30518556    
  -1.06003785      0.931861162       2.36283517    
  -1.33675694      0.840610325       1.86651552    
  0.512661159      0.792853892       2.18305111    
  0.227771834       1.16317403       2.66838861    
  0.465412885      0.385065228       1.96671796    
   2.22021627      0.960810721       1.86172640    
   1.84214103       1.12124491       1.86293876    
  0.692897916      0.630330503       2.04570174    
 -0.197116777       5.89621216E-02   1.67272651    
  -1.43729591     -0.546824336       1.48553228    
 -0.146591738       1.23919082       1.99691439    
 -0.431655914       2.23522568       2.30502844    
 -0.528124392       2.89818859       2.28500366    
 -0.624845386       1.99203801       2.06627369    
 -0.584944069       1.54290593       1.91519892    
  0.340558141      0.843574047       1.53429878    
  0.226984471      0.551556945       1.09915257    
 -0.140339151     -0.384764850      0.470328122    
   1.62389362     -0.640414774      0.321664065    
  0.540175676     -0.244833067      0.660704315    
  0.744083941     -0.100100271       1.25789368    
 -0.436378241      0.199678227       1.35065603    
  -1.31967342     -0.167352766       1.47518504    
 -0.281003118      0.576528192       1.69948232    
  0.187642649       1.99047101       2.01039290    
 -0.210542455       2.08305860       2.22606087    
  -1.27841485      0.469435811       1.35417521    
   1.62177229      0.276931554       1.17706490    
   1.35773814      0.743992746       1.32259083    
   2.19831491      0.210898936       1.23617864    
 -0.930714428     -0.152515873      0.692281663    
  0.617103338     -0.731618941      0.452739477    
  -6.65756688E-02 -0.277739257      0.753406644    
  -1.27769697      -1.02845204      0.223780051    
 -0.414919138     -0.151018992      0.578182936    
  -1.11416793     -0.500598133      0.713627219    
  -1.30491805     -0.488414556      0.858349621    
 -0.231481984      0.446160018       1.16011596    
 -0.704124689      0.642392278      0.930840135    
   1.49194705      0.374842435      0.730888009    
   1.07854784      0.327176124      0.826813817    
   2.00317430      0.563852310       1.05402756    
   2.48182845      0.382013083      0.899964750    
   1.19151509       7.05950111E-02  0.695410490    
   9.94609296E-02  0.299229473      0.919839442    
  -3.76944058E-02  0.245674118      0.951361358    
 -0.280680448      0.554745913      0.852315843    
 -0.359430343       1.33560979       1.24019420    
 -0.631811738       1.33359730       1.13942146    
 -0.623067915       1.73112309       1.12812519    
 -0.354546040      0.933061004      0.954825044    
   1.19296312       1.08546841       1.20932114    
   1.67666996      0.803076684       1.23934913    
   1.68167579      0.759904325       1.48454404    
   2.30242658      0.738749504       2.01973319    
  0.177399859      0.615882397       2.11018419    
  -1.18122888     -0.334440202       1.78806055    
 -0.474800199     -0.297181904       1.90215468    
  -1.41835809     -0.422547132       1.35884416    
 -0.787095129      -5.70213608E-03   1.40006673    
 -0.988331556      0.410692304       1.50099194    
 -0.776673555      0.414588839       1.10439897    
  0.295391291      0.817958653      0.952536702    
 -0.940416455     -0.471027792      0.127556309    
  0.182963550      -1.00500107     -0.340088606    
   1.19812286      -1.65773129     -0.453746259    
 -0.129190907      -1.85503399      -1.13066530    
 -0.378697306      -2.04290080      -1.27513015    
 -0.511066794      -1.91653848     -0.886218488    
 -0.611275852      -2.26596165     -0.897611737    
 -0.403765053     -0.774153829     -0.204291001    
  -1.14823365     -0.970996857     -0.165001154    
 -0.823901296     -0.515783787     -0.250720680    
 -0.250231206      0.232567713      -6.21040389E-02
  0.253403664       1.32277369      0.371638238    
   8.13601464E-02  0.954723120       6.43415824E-02
 -0.420995981      -6.60760254E-02 -0.360637546    
  0.170285970      -1.08488441     -0.639986813    
   2.81114006      -1.21220541     -0.618470311    
  0.923053026     -0.882808149     -0.499252290    
  -1.17056632      -1.81354296     -0.801725149    
 -0.876129866      -1.70136917     -0.803530872    
  -1.09854126      -1.39092231     -0.525225341    
 -0.810209334      -1.43328202     -0.172445789    
 -0.344229341     -0.117952615     -0.107450724    
 -0.877507389      0.155499607      -4.87895980E-02
  -1.08875239     -0.198475048     -0.448553026    
   1.31383955     -0.575765550     -0.514995933    
   1.56466675     -0.614574134     -0.590869308    
   1.16061831     -0.485881388     -0.457080632    
  -1.05988970E-02  -1.17124915     -0.938721180    
  -8.52466598E-02  -1.55122709      -1.23589921    
  0.391061097      -1.21717155     -0.656734884    
  -1.33653116      -1.07306790     -0.557924926    
 -0.679424703     -0.815665781     -0.665629685    
  -1.07469964      -1.42129874     -0.424099356    
 -0.891818881      -1.48878479     -0.314454943    
 -0.150766894       2.10279822E-02   4.94638644E-02
  0.284161776      0.710340619      0.162862912    
  0.673666239       1.58041954      0.434481204    
   2.04121256       1.28783667      0.969044685    
   1.63574791      0.751600623      0.597360253    
 -0.646414638     -0.449273914     -0.196033552    
 -0.737918496     -0.740878820     -0.709482372    
  -7.16578066E-02 -0.602357149     -0.748014808    
 -0.586551607     -0.109221689     -0.762629271    
 -0.932815790     -0.354219943     -0.723826647    
 -0.595289648      0.326331735     -0.816806078    
 -0.785451114      0.312409312     -0.902199984    
   2.13011596E-02   1.31742036     -0.468314558    
  0.551241696       1.99768341      0.165456057    
 -0.230328083       1.38433743      -8.56571570E-02
   1.09208846      0.354054749     -0.125974566    
 -0.339793175      0.358790666      -2.68113036E-02
   1.88368201     -0.142333120     -0.458477676    
  -1.19380045     -0.580584884     -0.881844997    
 -0.465699971     -0.934920013     -0.786976755    
 -0.575829089     -0.539128006     -0.484947205    
  -8.95257890E-02  0.729584694      -2.77210996E-02
  -1.37709773     -0.810924828     -0.365435898    
  -1.08432448      -1.53792465     -0.339818418    
  -2.42055431E-02 -0.342116475     -0.220133930    
   1.17708826       1.78857172     -0.379713267    
  0.360168338       1.81549037     -0.378168464    
   1.79165030       1.05407250       9.16955322E-02
   1.98804784      0.419066101      0.119723745    
  0.361247391      0.183397844     -0.115819007    
  0.886105478     -0.801744998     -0.218025699    
   5.67144491E-02 -0.745541334       2.23847013E-02
 -0.927818894     -0.734993160      0.400186002    
 -0.815592408      -1.54364347      0.548570693    
 -0.440176427     -0.705519617      0.774128735    
 -0.243062094      0.219491348       1.26885974    
  -1.16243637     -0.211953580      0.956494570    
  0.644023657       1.02700186       1.50730741    
 -0.896319449      0.257482231      0.546187639    
 -0.761390924     -0.806561053     -0.329425037    
   2.31719732      -1.34244835     -0.729107618    
   1.56461036     -0.902058899     -0.538743019    
  0.721393049      -1.04384136     -0.655233979    
  0.406441242     -0.610166907     -0.531702459    
  0.318465650      0.578625798     -0.201305300    
  -9.83554944E-02   1.09890521     -0.214234114    
 -0.889382243      -9.97698605E-02  -1.97292026E-02
 -0.949098587     -0.764658630      0.208412796    
  -1.01832974      0.160442457      0.205764219    
  0.828004658      0.856515229      -1.47045366E-02
   1.93067670       1.44467461      0.252011478    
  0.943811297      0.742225528      -4.47971113E-02
   1.51272988      -7.36171305E-02  0.111773416    
   2.08186841       9.63205397E-02  0.511583030    
  0.839893341      -1.50171267E-02  0.496585220    
   9.92897749E-02 -0.546837687      -2.96307504E-02
  0.110891663      0.179291040      -9.84358788E-02
  0.271944910       1.81764805      0.435063094    
 -0.578535020       2.22062230       1.23975313    
 -0.915043175       1.29104900       1.63187110    
 -0.907674730      0.705923438       1.57477319    
  -1.16634369     -0.260731280      0.858899176    
   1.30620515      0.479601860      0.930119693    
 -0.422313660      0.281253636      0.620668590    
  0.515770137       8.33209418E-03  0.477939010    
  -1.79341888     -0.399478257     -0.239509836    
 -0.540089786     -0.688595057     -0.356783599    
  -9.52041969E-02 -0.622684240     -0.231746554    
  -1.04438281     -0.445662737      -9.99991596E-02
 -0.604822934       1.03949928      0.413689792    
  -1.45264637      0.769733310      0.596482813    
 -0.655075610      0.496711612      0.716139555    
 -0.444414765      0.762747884      0.882794082    
  0.855459332      0.786981523      0.512356579    
 -0.385425329      0.304733038     -0.173727363    
  0.103428118       1.91739958E-03 -0.419044673    
  0.515770137     -0.154309779     -0.628399551    
  -1.79711580      -1.30611789      -1.47930455    
 -0.600252151      -2.29970288      -1.61773694    
  -5.92906363E-02  -1.68227613      -1.65259898    
  -1.06862450      -1.90187430      -1.61055088    
 -0.632270873      -1.29250753      -1.15288484    
  -1.41021585      -1.30319428      -1.30780900    
 -0.665692329      -1.99961829      -1.41532552    
 -0.401755691      -1.32359648     -0.983592212    
  0.732635140      0.320721358     -0.531298399    
 -0.322518408      0.409272194     -0.765263975    
 -0.107661232     -0.478852600      -1.40434444    
  0.896141231     -0.756468356      -1.19465351    
  0.437538296      -1.12130499      -1.51998568    
  0.289602458      -1.24257338      -1.51757026    
 -0.933968782      -1.79890788      -1.81773758    
 -0.220645681      -1.44149065      -1.56596625    
  -1.06372619      -1.46796215      -1.39509869    
 -0.695928037      -1.34009206      -1.03991413    
  -1.31822872      -1.68611681     -0.971215248    
  0.248614445      -1.04247129     -0.935045063    
  0.106759459     -0.136207119      -1.04459250    
  0.609442532     -0.423783690      -1.26755273    
   1.88162827     -0.165749088     -0.800233424    
   1.15884173     -0.684661806      -1.07985055    
   2.24448752     -0.758719504     -0.897380829    
   1.01285696     -0.580144346     -0.685677528    
 -0.345137566      -1.03786051     -0.573326826    
   9.03539434E-02 -0.164122060     -0.403739750    
 -0.952076018     -0.419346452      -1.75309107E-02
 -0.325247347     -0.433534205      0.312392890    
  -1.32711530     -0.959348917       9.51569155E-02
  -1.20048583      -1.90408790     -0.334860712    
  -1.13031380E-02 -0.458492130      -7.21164271E-02
  -1.29889333     -0.655573785     -0.392016292    
   1.80069196     -0.129705653       6.06400520E-02
   1.84300840      0.216135487      0.487658143    
   1.03757596     -0.188644409      0.315900475    
  0.355833083     -0.460546345      0.426805645    
 -0.304786295     -0.804426730      0.430373251    
 -0.701689601     -0.193999454      0.696442723    
 -0.778181076     -0.292836487       1.01717150    
 -0.796341658     -0.341448963       1.15801692    
 -0.496866345       9.79058631E-03   1.55926049    
 -0.507148683      0.641300917       1.27375507    
  0.367682189      0.793251038       1.01230395    
  -1.14783382      0.364020556      0.564642191    
  0.433469564     -0.366533697      0.258543998    
   2.78071475     -0.379695177      0.805736125    
  0.445398122     -0.150913864       1.22397029    
  -8.36722404E-02 -0.522538960       1.24732244    
  0.519151807     -0.104028523       1.59904909    
  0.169170409      0.685064018       1.75941122    
 -0.871934175      0.670582533       1.58780599    
 -0.209367394      0.754622698       1.79998267    
  0.155500889       1.45980692       2.03048682    
 -0.408144176       2.06226087       1.86477447    
  -1.13212354E-02   1.24948370       1.72153223    
   1.57419670       1.38842762       1.87752318    
  0.294703007      0.359955460       1.47143507    
  0.450865805     -0.983238816      0.985409498    
   7.33628944E-02  -1.29073358      0.358813316    
  0.432038695      -1.68453062      0.202919379    
 -0.771660089      -1.73027956      0.122801818    
 -0.959420562      -2.41296721      0.137254655    
 -0.445350260      -1.21012771      0.286186576    
 -0.390897930      0.226842210      0.722404242    
  -1.22338915      -1.23100889      0.695842326    
 -0.153694898      -1.06841207      0.710872471    
  0.333323121      0.412367731      0.861623943    
 -0.197319835      0.785204291      0.885544240    
  -1.68004358      -1.04608917      -9.32010859E-02
