  0.446278214      0.966279805      0.975636244    
 -0.309125632     -0.293641180       1.04570365    
 -0.860468447     -0.387317836       1.19675243    
  -1.24257040      -1.08228099       1.20496666    
 -0.893225908     -0.878932714      0.938535690    
 -0.500878453     -0.333537936      0.599255264    
  -1.59513795      -1.35269487       5.65375946E-02
  -1.11796415     -0.816493988     -0.378029346    
  -1.28030431     -0.687753081     -0.731534243    
 -0.262462080      0.144791037     -0.607169390    
  -3.34618166E-02  0.543556929     -0.465912849    
  0.190595016       1.09017324     -0.249192849    
  0.801088214       1.72268331       2.98828334E-02
 -0.534796119      0.228537470      0.307256997    
 -0.155723661     -0.583739102      0.581325889    
 -0.681529343     -0.976149023      0.942924976    
  -1.16414058      -1.17445838      0.842413902    
  -1.55244458      -1.44995677      0.178905919    
 -0.573802769     -0.987666011     -0.422213793    
  -1.42878926     -0.889371932     -0.721915185    
  -1.61197925      -1.84538269     -0.975150824    
 -0.880272686      0.420395136     -0.501985967    
 -0.324428916      0.108337745     -0.490190297    
   1.18136859       1.04819226     -0.565518320    
  0.826592386      0.722531557     -0.353539199    
  0.850869834       1.04108655     -0.350338578    
  0.426125556      0.370139480      0.188843995    
 -0.343803883     -0.412095904      0.735532463    
 -0.478599727     -0.570589185      0.894107699    
 -0.677950442     -0.597542107      0.469357044    
  -1.14507186     -0.925750732      -7.11839870E-02
 -0.725262523     -0.740140080     -0.480475217    
  -1.37978089     -0.421020865     -0.694246709    
 -0.189788431       6.01644218E-02 -0.736498117    
   7.80913755E-02  0.142649189     -0.865888655    
  0.624154210       1.24265087     -0.656400025    
   1.23852801       1.42921126     -0.520906746    
   1.97403133       1.58096433     -0.217582777    
  0.259668171      0.794202089      0.256081223    
   1.17414014E-03  0.443338096      0.831383228    
 -0.375530958     -0.842326105      0.719616771    
 -0.860098124     -0.600383222      0.451530606    
  -1.45574248      -1.14495957     -0.301884890    
 -0.867355168      -1.56341386     -0.896912098    
  -1.20951104      -1.40160251      -1.19773519    
 -0.381129146     -0.541836560      -1.36274087    
  -8.15812051E-02  0.129540294     -0.943295479    
  0.926815927      0.970958352     -0.878123403    
   1.84803033      0.622366309     -0.838278472    
  0.708174646      0.832254112     -0.446201384    
  0.389723897      0.300095022      -6.66077435E-02
  0.705653369      0.480283558      0.259305865    
  0.212853312     -0.280115098      0.193459705    
 -0.763267815     -0.472207010      0.241434842    
 -0.182240129     -0.965376139     -0.230097130    
  -1.10613871     -0.355666995     -0.561134160    
 -0.737771511     -0.578586221     -0.830753744    
 -0.117864996      0.186366796     -0.860519946    
  0.939626873       1.54043257     -0.919645846    
  0.732554674       1.30552995     -0.976178288    
   1.76931703       1.40008092     -0.813234329    
  0.655914605      0.689019442     -0.507337511    
  0.491545558      -9.58629176E-02  0.116922460    
  0.577604234      0.642061949      0.756446302    
 -0.364075273     -0.160140663      0.895857215    
 -0.278676122     -0.230841175      0.911061049    
 -0.732856631     -0.761224866      0.717657983    
 -0.985409021      -1.21705008      0.253995508    
  -1.27460992     -0.845961154       3.51914875E-02
 -0.858239591      -1.17417300      0.197310403    
 -0.380585790      0.586676180      0.335414320    
  0.146805987      0.972546339      0.482006907    
  0.811955988       1.15569854      0.523985565    
  0.927875102       1.17187262      0.396497279    
  0.564574301     -0.231679186      0.143841371    
   3.72045189E-02  -1.20716393E-02   7.81632811E-02
 -0.420025200       8.69266018E-02 -0.208702996    
 -0.152827367      -8.19730312E-02 -0.398023844    
 -0.743987143      0.307094395     -0.645679832    
 -0.422866136     -0.239672676      -1.15152335    
 -0.658519506     -0.306119472      -1.48586738    
  0.142788291      0.708518147      -1.39962184    
  0.717032254       2.30227327      -1.44361770    
   1.12300575       1.81989563      -1.34480464    
  0.890821218       2.08495426     -0.930877209    
   1.03852129      0.592488766     -0.492673963    
  0.222398117      0.463729948      0.123503819    
 -0.505471945     -0.414945006      0.715738654    
  -1.06535101     -0.815433145      0.878864408    
 -0.872579098     -0.567622721       1.02266634    
 -0.769891441      -1.11943054      0.781313777    
  -1.00477993     -0.648046374      0.773132145    
 -0.644787610     -0.821417987      0.718278885    
 -0.495711118     -0.630480468      0.896678805    
 -0.645970643     -0.517516315      0.976361811    
 -0.789986730       8.74755438E-03  0.921789885    
  0.461685717       1.14334202      0.789850533    
 -0.277796030     -0.330536157      0.670701683    
 -0.658382535     -0.517777264      0.948412061    
 -0.684571803     -0.455848157       1.23225951    
 -0.756721914     -0.859940886      0.984934568    
 -0.969020784     -0.342283130      0.671430647    
 -0.866517067      -1.20618296      0.150323242    
  -1.40223348      -1.47301006     -0.614644349    
  -1.51665175      -1.47491801     -0.797982454    
 -0.539390385     -0.627243459     -0.678987980    
 -0.128935605     -0.538333774     -0.850923181    
  0.325597942      0.691033363     -0.862959027    
   1.77399147      0.812373638     -0.833112180    
   1.54162562      0.950706244     -0.661984861    
   1.23865652       1.47716343     -0.196800977    
 -0.202660844      0.632838428      0.223562077    
 -0.480241597     -0.586010516      0.500687540    
 -0.406846434       3.14702988E-02  0.415002942    
 -0.540251791     -0.771696389     -0.206171304    
 -0.577231407     -0.525697589      -1.04519248    
  -1.15104592     -0.550595224      -1.29605258    
 -0.108165570     -0.701019168      -1.09442663    
  0.105762392      0.336277008     -0.814657986    
  0.354882836       1.52561784     -0.717361212    
   1.16389346       1.01561904     -0.936077774    
  0.706810951      0.771848261      -1.01547086    
  -8.03441703E-02  0.293472260     -0.558689952    
  0.461191118      0.718498468      0.161595777    
   8.69140178E-02  0.243660897      0.364748269    
 -0.674192846     -0.618957937      0.521918714    
 -0.739039719     -0.726698279      0.229496792    
 -0.902231693      -4.85012308E-02 -0.263208032    
 -0.714940012      -1.31153238     -0.348306030    
 -0.881176949     -0.769304514     -0.114797287    
  -2.74879169E-02  0.425429136      0.142678440    
  0.644703865      0.594211280      0.216104239    
 -0.512945235      0.212095961      0.384224772    
   8.49904194E-02  0.126057759      0.601184905    
   8.57205838E-02  0.166024402      0.902287662    
 -0.589702845     -0.949493349       1.10460484    
  -1.21629798      -1.57274079       1.13101947    
 -0.985107899      -1.33210170      0.762715518    
  -1.20575976      -1.68476617       9.83996317E-02
  -1.57229555      -1.17050827       5.44587290E-03
 -0.508708537     -0.874852836      -1.63684934E-02
 -0.968244374      -1.29587078      0.248657688    
 -0.199654534       7.06249177E-02  0.301552117    
   1.07844913       1.11494780      0.224562064    
  0.600216091      0.960684001      0.197445914    
  0.434542447       1.84245265      0.149223775    
  0.796044052       8.60196799E-02  0.425879270    
 -0.359952092     -0.512184322      0.818230808    
 -0.148558855     -0.218967363      0.653273165    
 -0.378908724      0.206692219      0.127196714    
 -0.881821513     -0.689058483     -0.801001251    
 -0.546066940     -0.330760837      -1.31827176    
 -0.575827837     -0.830590010      -1.41342092    
  0.828980088      0.656127751      -1.40000951    
  0.795049608      0.517889082      -1.57931340    
   1.76230419       1.96915472      -1.63023698    
   1.99383295       2.45635128      -1.60795271    
   1.65686131       1.75227535      -1.41941059    
   2.43668365       1.66672647     -0.902171016    
  0.675669134     -0.574827492     -0.248611376    
  -3.30672599E-02 -0.566256106      -4.26579081E-03
  0.311904252     -0.155073106     -0.111102663    
 -0.719212055      -1.44300723     -0.625589252    
 -0.933995605     -0.380129427     -0.972138882    
  -7.40997940E-02  0.896435022      -1.20398557    
  0.684644639      0.649700165      -1.33887172    
   1.63721156       2.23943925      -1.44910645    
   1.00742853       2.19421196      -1.33386147    
   1.49514949       1.55051124      -1.00308514    
   1.24207020       1.28934002     -0.476890355    
  0.789712310       1.12199748       1.48539396E-03
 -0.289741963      -4.44314070E-02  0.936016023    
 -0.988943815      -1.19944513       1.16888332    
 -0.967754602      -1.77190888       1.23993516    
 -0.553319216     -0.944722533      0.930330038    
  -1.45173383     -0.872244775      0.918692172    
  -1.01224005     -0.791295409      0.893529654    
 -0.848685086     -0.941746235       1.35469639    
 -0.687766075      -9.64354947E-02   1.59920323    
  -9.82921049E-02 -0.144607395       1.66882813    
  0.296652764      0.294996023       1.32688046    
  -4.34930772E-02  0.176559433      0.869000077    
  0.756573737     -0.269659251      0.682775259    
 -0.622525752     -0.766114712      0.520812392    
 -0.540754080     -0.658373833      -4.69614342E-02
  0.201577783     -0.151707515     -0.553628266    
 -0.483996898     -0.380951226      -1.39752078    
   7.72362500E-02 -0.312630683      -1.79759598    
  0.420861453      0.315894276      -2.02427292    
  0.764624238       3.37577686E-02  -2.07514858    
   1.96919024       2.20035839      -2.40802264    
   2.37282252       2.16297579      -2.37433887    
   2.69227195       2.98923373      -2.18195462    
   2.49541378       1.18352962      -1.72799170    
   1.85565710       1.79758060      -1.08923292    
   1.03308809      0.362147272     -0.185562760    
  0.206623480     -0.241846636      0.109785363    
   8.45730379E-02   7.95934349E-02  -2.84660496E-02
  0.286095291      0.141661257     -0.450077802    
 -0.540911913       8.24636146E-02 -0.900642753    
 -0.851392448     -0.916481853      -1.20584488    
  0.990384579      0.635841012      -1.64883363    
   1.02500188       1.31293905      -1.65664995    
  0.736334324       2.53342414      -1.31549299    
   1.84226358       1.90010917     -0.983392537    
   1.83000231      0.517467737     -0.572816610    
   1.44564176     -0.107403420     -0.168607652    
  0.368684471     -0.600088894      0.210773289    
 -0.128067061     -0.562022328      -7.85732269E-02
  0.445241392      -8.47715214E-02 -0.663005412    
 -0.980821073     -0.569288194      -1.25734651    
 -0.445547998     -0.372117579      -1.61617899    
 -0.255037874      -1.49115026      -1.81780493    
  0.450309783      0.845367193      -2.10525084    
   1.45455194       1.30114770      -2.19093037    
   2.01746368       2.19225955      -1.98651886    
   3.35117388       2.33736849      -1.93565536    
   2.65240169       2.07943201      -1.36552989    
   2.14562440       1.94311166     -0.456230342    
  0.465672463     -0.232881844      0.323047459    
  0.218473613     -0.458683342      0.462362319    
 -0.921627223     -0.627918184      0.547393382    
  -1.27411616      -1.32077122      0.259103477    
  -1.02389801      -1.59952211       4.64588702E-02
  -1.50725591      -1.32361901       4.06802408E-02
 -0.787015617     -0.480859220      0.331194818    
 -0.272435635       4.50269803E-02  0.407401025    
  0.960110664      0.939412296      0.336042076    
   1.05896366      0.365885228       1.57075953    
   1.81984484       9.56036076E-02   1.71526980    
  0.895375729      0.397022188       1.89272809    
  0.257590771     -0.299547285       2.23848534    
 -0.568843007     -0.774774730       2.07604909    
 -0.757526934      -1.42619669       1.23256648    
  -1.16348529      -1.20696449      0.489300102    
  -1.45335865      -1.58984983     -0.287622690    
  -1.10585046      -1.37925160     -0.448880553    
 -0.399931222      -1.16170180     -0.490891844    
  -3.45745310E-02 -0.526536226     -0.402787030    
  0.213322952       1.23031092     -0.137505293    
   1.41656268      0.780600309      0.318361431    
  0.686065316       1.22808158      0.295298368    
  0.626883745      0.238173887      0.435501724    
  0.340400487      0.235103250      0.512414634    
   4.02739011E-02 -0.345864683      0.289337933    
  0.156490475      0.334419161       4.18517478E-02
 -0.813703477       2.91925631E-02 -0.510056138    
 -0.149315014     -0.846238256      -1.09772849    
 -0.558601737     -0.927462280      -1.18511796    
  0.165827811     -0.926919580     -0.925690293    
   1.05348217       1.17320871     -0.701469600    
   1.55310392       2.12992406     -0.417867392    
   1.19341242       2.13033676     -0.360307515    
   1.38729107      0.266944438      -7.35750273E-02
   1.59644449      0.641985238      0.351683319    
 -0.140519202     -0.881581306      0.905725002    
   6.31375089E-02 -0.544314146      0.887634397    
 -0.356618583     -0.567204177      0.753590465    
  -1.07363474     -0.762698293       5.86181730E-02
  -1.27624953     -0.981521964      -9.14529264E-02
 -0.795668542     -0.553457916      0.218627349    
  0.601174355      0.464322835      0.223381981    
  0.191573709       8.42732638E-02  0.209390804    
  0.461628169      0.612871528      0.257938832    
  0.951585948      0.872606695      0.108210780    
  0.264039248      0.402158320       4.82770205E-02
   1.21361291       1.82107222      0.260950774    
 -0.277657181      0.605134368       1.01291513    
 -0.792627037     -0.410713613       1.17974067    
 -0.938817561      -1.18700731       1.13541389    
 -0.809848905      -1.56083322      0.379864633    
 -0.813648403     -0.964068234     -0.292903900    
  -1.05150568     -0.271280020     -0.567413628    
  -5.32262735E-02  0.331322551     -0.531601250    
  0.645999551       1.21763706     -0.389548868    
  0.851490319       1.43852782     -0.226052612    
   1.34346497       1.07993376     -0.655597329    
   1.80172575       1.83410680     -0.834059000    
  0.142912552      0.313230485       1.74885411E-02
  0.262248755      -6.98962733E-02  0.563883662    
  0.546642721     -0.772338390      0.737040162    
  0.713510036      0.762774944      0.494361758    
 -0.251820683     -0.986415923     -0.231464177    
  -1.21711147     -0.311829001     -0.575639904    
 -0.140524909      -1.91882205     -0.603248358    
 -0.737642944       2.56925467E-02 -0.493298292    
  0.587708294       1.10890365     -0.741873682    
   2.19587779       2.19942689     -0.887366831    
   1.96813667       1.62579095     -0.488550544    
   1.16568828       1.55811703     -0.390463084    
  0.948810518      0.634248853       7.91666955E-02
 -0.184359357     -0.138852671      0.970617473    
 -0.522600472     -0.889271975       1.40153098    
 -0.981883764      -1.25069928       1.48217273    
 -0.950983703      -1.48818731       1.04453731    
  -1.22717643      -1.57812464      0.855422258    
 -0.887473106      -1.12546730       1.06669641    
  -1.11091828     -0.738278210       1.63392651    
 -0.620434344      0.261842251       1.82676697    
 -0.910704017      0.806186855       2.12183547    
 -0.850970745     -0.270489573       2.30301237    
  -1.14796877     -0.113283813       2.07966137    
  -1.31860459      0.184143171       2.00498009    
  -1.16729081      0.217583016       2.02807379    
  -1.32235980     -0.407966286       2.05483842    
 -0.760940909      -1.08383071       1.38680053    
 -0.645788670     -0.353396207      0.132750660    
 -0.844058812      -1.13109386     -0.478207678    
 -0.816462159     -0.258103967     -0.668245494    
  -5.96241467E-02  0.236170322      -1.21939528    
   1.30819976       2.22692370      -1.34122503    
  0.716527045       1.20047569      -1.46457267    
  0.579436600      0.528920293      -1.31461656    
   1.51747155      0.212476715     -0.684248626    
  0.191403672      0.519765794      -7.58871660E-02
  -1.02220881      -1.11142921      0.447257966    
 -0.294681281       9.65474918E-02  0.500037491    
 -0.405801207     -0.626330018     -0.186060175    
 -0.789819360     -0.370557815     -0.435915112    
 -0.340269685     -0.364981920     -0.777775288    
  -1.01121545      -1.11738884     -0.769403219    
  0.590508223      -5.71889319E-02  -1.16454029    
  0.428732932      0.715130150      -1.43161106    
   1.06607389       2.08987284      -1.70945513    
  0.987687290       1.76192582      -1.62209654    
   2.23565269       2.35476422      -1.37964964    
   1.74313903       1.94958723     -0.722587585    
  0.837454081       1.20399046     -0.131122902    
  0.254649669       4.32128198E-02  0.216143683    
  0.105131552      -7.95877427E-02  -4.20061173E-03
  -1.05694854      -1.07604027     -0.381332874    
 -0.656368792      -1.07769632     -0.561938584    
 -0.782194197     -0.465070277     -0.795701206    
 -0.714910090     -0.304043353     -0.812635720    
  0.656054974       1.26590323     -0.746731222    
   1.30512476       1.59678030     -0.902982295    
   1.81895149       1.43097055      -1.17072368    
  0.679958344       1.14297032      -1.06971347    
  0.723129690      0.779748917     -0.440547943    
   1.22993958       1.17035186      0.417635828    
  -9.55204964E-02  -6.62882105E-02  0.670615911    
 -0.686893523      -1.12101853      0.751533866    
 -0.763478875     -0.964693487      0.433620125    
 -0.174882218     -0.277157366      0.183953866    
 -0.568253219     -0.899377942      0.386758178    
 -0.819782078     -0.194081053      0.600680649    
  0.301851690      0.148272544      0.781092525    
  0.470808655      0.187550589      0.852528632    
  0.604981661      0.550325572      0.963571310    
  0.691116214       1.05606508       1.05912018    
 -0.285428256      -2.28152946E-02   1.49497533    
 -0.857975364     -0.869984746       1.87576783    
  -1.13934469     -0.479552001       1.92788696    
  -1.25796151      -1.02511013       2.01064706    
  -1.47441280     -0.903174698       1.76337194    
  -1.69590998     -0.709501565       1.51134551    
  -1.72332382      -1.87173367       1.31601787    
  -1.17532730     -0.880779803       1.09703720    
 -0.606818378      0.146763578      0.983100951    
  0.664647222      0.812531769      0.631251276    
   1.15774298      0.550475001      0.290627778    
   1.56184483       1.61383903      0.280219734    
  0.365917265      0.752821088      0.309140325    
  -6.83300570E-02   4.20238376E-02  0.376664013    
  0.142147556      0.659809530     -0.440517068    
 -0.132317692      -2.27595633E-03 -0.811556816    
 -0.660861135     -0.948945701      -1.18033075    
  -1.82205534      -1.49329662      -1.75256419    
  0.237764433     -0.521917164      -1.81517541    
   1.39712727       1.47954822      -2.49042583    
   2.23755670       1.71160030      -2.80861235    
   2.47863507       2.80517697      -2.70390248    
   2.57934046       2.50561810      -2.28959918    
   2.54818249       2.40691519      -1.56984019    
   1.32956302      0.979361117     -0.913697362    
   1.06272113      0.780875087     -0.219922349    
  0.463346660      0.238024890      0.183574796    
  0.114503138      -5.70163392E-02  0.102085672    
 -0.813502133     -0.454064816     -0.219613612    
 -0.719643176      -1.10645938     -0.727314770    
  -1.31275046      -1.15265226     -0.732976735    
  0.343389958      -7.62493759E-02 -0.691147268    
   1.39605057       1.52524376     -0.745151460    
   1.14597547       2.24274659     -0.510416329    
   2.00068569       1.61432886     -0.318169326    
  0.288002878       1.26488018       7.73331076E-02
  0.999670863      0.665561080      0.574413538    
 -0.140688419     -0.449801236       1.12841225    
 -0.486263573     -0.308494806       1.21624601    
  -7.49158561E-02 -0.188412264      0.747938752    
 -0.616377175     -0.889562309      0.322802186    
  -1.15121460     -0.808826625       4.60626483E-02
 -0.836577177      -1.77888274     -0.186955526    
 -0.354268759     -0.627600849      -1.51266623E-02
  0.558965504      0.522621453     -0.112507440    
  0.377432734      0.949086189       1.26927427E-03
  0.386396825       1.60262361E-02  0.159295633    
  0.590100706      0.869780719       9.38576907E-02
  0.236464024     -0.358092874      0.427093655    
  -6.02671728E-02 -0.599716306       1.10156202    
 -0.626773119      -1.19731414       1.41954947    
  -1.33160436     -0.927879095       1.44346166    
 -0.739240527      -1.01086843       1.12260795    
 -0.435396999     -0.809540153      0.586478472    
 -0.793374836     -0.996934593      0.224788472    
  -1.04446125      -1.27739632      0.722666442    
  0.494579524      0.467189968       1.02518082    
  0.222632289       1.70301187       1.47380412    
  0.598849356       1.25254595      0.159295633    
 -0.511034727     -0.326746255       9.38576907E-02
 -0.719023466       3.19871455E-02  0.427093655    
 -0.824097633     -0.429311574       1.10156202    
  -1.12156022     -0.569029748       1.41954947    
 -0.948576093     -0.929872572       1.44346166    
  -1.18701684      -1.32495141       1.12260795    
 -0.654866576     -0.871556103      0.586478472    
 -0.923864126     -0.330699861      0.224788472    
  0.827166080      0.473419547      0.722666442    
  0.406024188       6.81600571E-02   1.02518082    
   1.03446865       1.52844512       1.47380412    
   8.00641626E-02  0.564199746     -0.135585934    
 -0.302588731      0.744065583       9.49640125E-02
  0.605708480      0.679224014      0.776608884    
 -0.437526345      -9.53125209E-03   1.67089665    
  -1.15157342      -1.33984351       1.88785684    
 -0.874492645     -0.487397075       1.44275498    
 -0.792938650      -1.35750139      0.689236522    
  -1.28313351      -1.88759387      -2.56033204E-02
  -1.34477854      -1.34916961       7.91941360E-02
 -0.373084247      -1.43429780      0.175859675    
 -0.198904261      0.167572990      0.140719637    
  0.469566971      0.770328939      -4.71175201E-02
  0.921692431      0.948677063     -0.313807487    
   1.70745778      0.980354190     -0.258655816    
  0.451583475      0.288503915      0.336122692    
 -0.188985199     -0.267728627      0.986598313    
  -1.11809182     -0.907849133       1.15077043    
 -0.925885677      -1.32010770       1.04845321    
  -1.05413115      -1.38804984      0.363825470    
  -1.25043869      -1.45805955      0.285025835    
  -1.00907528      -2.02376461       8.02507252E-02
  -1.36754453      -1.33474874      0.569722354    
 -0.701541066     -0.139091805      0.986318767    
  0.214225501      0.716083646      0.904809058    
  0.288525701      0.605029523      0.597440541    
  0.106891468      -8.29685554E-02  0.538770914    
  0.548867345      0.419073522      0.640129328    
 -0.192197010     -0.519434750      0.943715751    
 -0.506681979     -0.535569966      0.753674507    
 -0.896476328      -1.62876010      0.635848105    
 -0.872218013      -1.48686278       9.36775878E-02
 -0.983836591      -2.02831221     -0.713500261    
 -0.137309030     -0.711534142      -1.14719236    
  0.347517461      0.308184385      -1.36596560    
  0.872948110       1.98233461      -1.33486664    
  0.638918877       1.58650863      -1.43532622    
   1.49710548      0.287690461      -1.20828736    
   1.01533973       9.32023302E-02  -1.02508652    
   1.11560667      0.475783795     -0.280790925    
  0.426909953      0.113515511      0.468871623    
 -0.208729535      0.174208611      0.503852129    
 -0.790565312     -0.894920886      0.291504264    
 -0.347722977     -0.304845810       2.38057543E-02
  -1.05654991     -0.458490491     -0.529925466    
 -0.841628373     -0.570526481     -0.742252707    
  -9.71261486E-02   4.06975597E-02 -0.785258830    
  0.622195661      0.349568486     -0.868495762    
   1.10918665       1.41619623     -0.977396071    
   1.24744225       1.80761588     -0.981534958    
   2.46275043       2.22372293     -0.585476756    
  0.734097481       1.19940078      0.120627366    
  0.239204049      -9.41315293E-02   1.12903488    
 -0.884295166      -1.00387406       1.69018960    
 -0.837444901     -0.303467333       1.97549164    
  -1.59148276      -1.18269432       1.97393417    
  -1.51330316      -1.56281602       1.84602225    
  -1.84735477     -0.978941202       1.97463059    
  -1.01128447      -3.36055793E-02   2.35362220    
  -1.64008152      0.128417492       2.48636079    
  -1.04187191      -5.32117998E-03   2.38630772    
  -1.22723699     -0.221269056       2.27494764    
  -1.50444162      -2.85059656E-03   2.01935697    
  -1.58878195     -0.105505347       1.86291385    
  -1.71013069      -5.63662797E-02   1.78463733    
  -1.46481121     -0.750051975       1.59833884    
 -0.283895910     -0.449954838     -0.160590649    
 -0.220409095      0.362114847      -1.14545655    
  -1.05275595     -0.777221441      -1.55318689    
  -1.18891132      -1.40647769      -1.33296788    
 -0.142333776      0.381712258      -1.69498205    
  0.838336885      0.987409830      -1.81722176    
   1.26369607       1.13273585      -2.16039395    
   2.29063225      0.510104477      -1.98314679    
   1.23739934      0.675125480      -1.41841400    
   2.64629852E-02   5.52520789E-02 -0.524678528    
 -0.297425985      -1.04392302       1.21301459E-02
  -4.94380295E-02 -0.665426135      0.122078456    
 -0.843757927     -0.885076344     -0.257403672    
 -0.227395922      -1.15269423     -0.568926454    
 -0.619807363      -1.18241107      -1.34208095    
 -0.824513674     -0.706598520      -1.33728683    
  0.199239150     -0.659123719      -1.32095599    
   1.54608512       1.98904967      -1.82256985    
   1.99496126       2.14513922      -2.07960129    
   1.29761457       1.22612631      -2.20495749    
   1.73131573      0.440829903      -1.66759658    
   1.16984475     -0.490000874     -0.680332720    
 -0.343768656     -0.761514485      0.268885463    
 -0.175386384      -5.37154302E-02  0.390403032    
  0.122957110     -0.639432728      0.205437183    
  -1.00832736     -0.580281138     -0.151161999    
 -0.584941149     -0.605448902     -0.498994619    
 -0.981155992     -0.512290657     -0.692625821    
 -0.198767453     -0.206635565     -0.842755258    
  0.880294561       1.26212180      -1.14400208    
   1.21981525       2.48040390      -1.19837677    
   1.85321164      0.874185562      -1.08198595    
   2.34510779      0.471271187     -0.710165799    
   1.04498792      0.117013149       2.91435663E-02
   5.07393740E-02 -0.234661072      0.744564891    
 -0.114488780      0.376949430      0.824921966    
 -0.635557294     -0.955019951      0.857508004    
  -1.02538300      -1.01032603      0.431755662    
 -0.371039569      -1.47575760      -9.88575965E-02
  -1.42946696      -1.27274978     -0.365154773    
 -0.160445288      -9.58143696E-02 -0.352247626    
   1.01626599       1.27905083     -0.372358769    
   1.59224427       2.60218430     -0.591003239    
   1.73379838       1.76757038     -0.302967191    
   2.16583085       1.86947608       7.15544820E-02
  0.452871054      0.529213428      0.477048159    
  -2.48166248E-02   6.43385574E-02   1.04243433    
  -1.13652766     -0.465639293       1.26466370    
 -0.548431933     -0.761805058       1.50053430    
  -1.19294739     -0.421101063       1.04713070    
 -0.687242448     -0.662181079      0.811483085    
 -0.787499487     -0.372501373      0.876150906    
 -0.714608610     -0.260837138       1.12519276    
  -5.39324284E-02   3.32611799E-02   1.34570694    
  -3.34085114E-02  0.205957144       1.18413687    
  0.966496050      0.921233416      0.870427132    
  0.359489024      0.377998531      0.570324361    
  0.268080026      0.362715930      0.867137313    
 -0.585717082     -0.872493565      0.903644383    
 -0.431055754      0.146238238      0.480355144    
  -1.17621720     -0.695414960      0.546913147    
  -1.14669120     -0.563818753      0.512061298    
  -1.54450941      -1.41432405     -0.101013653    
  -1.33671033     -0.902210236      -4.23268676E-02
 -0.130670801     -0.265264511      0.234467551    
  0.132594645      0.160557851      0.163175508    
   1.34826076       1.23242986       4.59717438E-02
  0.386404008      0.785218477     -0.195869610    
   1.09887993      0.228813589      -6.80536851E-02
   1.05620944      0.571209073      0.259295583    
 -0.123692505     -0.156270087      0.917757332    
 -0.148686409     -0.418505013       1.18378186    
 -0.760375023     -0.857881486      0.886823058    
  -1.62204432     -0.354011506      0.689262271    
  -1.45057511      -1.60223603      0.589445829    
  -1.81341851      -1.69176793      0.448510081    
 -0.544179738     -0.566786647      0.392751187    
 -0.399625719      -1.63097177E-02  0.416224211    
  0.414081365      0.850745380      0.386030912    
  0.892042756      0.798493326      0.169815183    
  0.414478868       1.50650430      0.100922741    
 -0.743281960     -0.800870538      0.620656252    
  -6.07268028E-02 -0.567755222       1.14073277    
 -0.408020973     -0.584409833       1.26287651    
  -1.26528621      -1.01453221       1.05292130    
 -0.876995564      -1.24565339      0.496950030    
 -0.980771542      -1.51500845     -0.155715942    
 -0.350873679     -0.598637938     -0.319653004    
 -0.398112983       5.52919917E-02 -0.240632102    
  0.283698171      0.193066120     -0.642715931    
  0.571312726      0.438822418      -1.01446915    
   1.89293468      0.337366849      -1.21880007    
   1.66468227       1.42438245     -0.852878571    
   1.73535120      0.560126126     -0.259851307    
  0.366907477     -0.406519890      0.740492880    
 -0.843702376     -0.119856633       1.03534877    
 -0.799234748      -1.18128037      0.948655605    
  -1.11489654      -1.15352094      0.418260187    
  -1.06159735      -1.07250595      0.274823606    
  -1.57429063      -1.53184032      0.394620806    
  -1.07901192     -0.390842795      0.480454624    
 -0.669452786     -0.492785990      0.798040748    
 -0.322320700     -0.330553770      0.838232160    
  0.732959390      0.936790824      0.347108781    
  0.607021749      0.331136882      -5.42837754E-02
  0.985886931      0.117206000      0.247621685    
  0.141742647       1.14800094E-03  0.784908950    
 -0.235857889     -0.158544987      0.685135365    
  -5.71292490E-02  0.166324168      0.631216943    
 -0.543024778     -0.797390997     -0.149220347    
 -0.193657219     -0.170704618     -0.762043118    
  0.412551731     -0.601794899      -1.30910373    
  0.264902979      0.319169313      -1.75650752    
   1.25570238       1.38697994      -1.91131437    
   1.00331879      0.563853681      -2.01151490    
   2.00379848       1.24131250      -2.18763208    
   2.70837712       1.04497159      -2.00767112    
   1.57968199      0.385016054     -0.851437747    
  0.574524462     -0.432673603      -9.68113244E-02
  0.130335912     -0.803464055      0.262820393    
 -0.453343064      -1.15373552      0.263328105    
  -1.25644088     -0.936637282      0.193073764    
  -1.27513909     -0.900811553     -0.140445203    
 -0.544688523     -0.587347150     -0.525791705    
 -0.197096795      -1.09020758     -0.645813644    
   1.31708765       1.20812488     -0.715995908    
   2.05011463       1.09254193      -1.21799731    
   1.11703241      0.872353494      -1.39297020    
   2.34109473     -0.275844097     -0.857497692    
   1.27706254      -3.08988560E-02 -0.180940196    
   2.32700501E-02 -0.846812010      0.626551509    
 -0.530097187     -0.838571608       1.15425408    
 -0.740288436     -0.720336556       1.21786702    
 -0.273487031     -0.701381385      0.995484948    
  -1.21673489     -0.935149670      0.512212217    
 -0.713708341     -0.699871302      0.502070010    
 -0.846078932     -0.323578835      0.646938801    
 -0.665310383      -1.48435986       1.23833144    
  0.224981397     -0.132601440       1.31994069    
  0.356723011      0.164656118       1.20132864    
 -0.111326613       1.06743872       1.00378668    
 -0.361102223      -1.20938051       1.29580212    
 -0.587091863     -0.705756903       1.40343833    
 -0.537941456     -0.412964612      0.716551661    
  -1.07768071      -1.37602937      -2.25947984E-02
  -5.94656430E-02 -0.700181067     -0.843130887    
 -0.608525693     -0.937594116      -1.52856982    
 -0.768864930     -0.836837828      -1.86975086    
   1.14285433      0.160599262      -2.02842546    
   1.44553185       1.07956290      -1.96794808    
   3.06525731       2.15939069      -2.15239763    
